Data: 1, Round: 0, Step 0
MAPE: 0.9657: 488,47,1,246,2,12,0.0165,0.6405,7
MAPE: 0.9657: 360,35,7,87,2,18,0.0177,0.7477,10
MAPE: 1000.0000: 262,47,4,254,2,12,0.0557,0.209,2
MAPE: 0.9657: 23,7,7,92,5,16,0.0074,0.5748,6
MAPE: 0.9657: 252,4,4,79,1,14,0.0919,0.3028,7
MAPE: 1000.0000: 143,44,9,196,3,9,0.0205,0.4482,3
MAPE: 1000.0000: 32,23,6,57,3,18,0.0857,0.4417,2
MAPE: 1000.0000: 189,27,8,243,3,7,0.0099,0.0021,7
MAPE: 1000.0000: 292,7,5,142,4,13,0.067,0.282,9
MAPE: 1000.0000: 316,17,4,102,7,5,0.0599,0.1411,5
MAPE: 1000.0000: 134,27,10,449,2,10,0.0635,0.7662,2
MAPE: 1000.0000: 449,18,9,119,2,10,0.0622,0.847,1
MAPE: 0.9657: 260,21,1,373,4,17,0.0175,0.8019,2
MAPE: 1000.0000: 333,20,7,91,4,13,0.0204,0.3494,2
MAPE: 1000.0000: 419,40,6,119,8,14,0.0961,0.7619,7
MAPE: 1000.0000: 395,18,5,371,5,5,0.0296,0.8832,7
MAPE: 1000.0000: 373,6,8,112,8,8,0.0591,0.5443,5
MAPE: 1000.0000: 227,11,2,321,6,7,0.0271,0.6393,6
MAPE: 1000.0000: 96,13,7,215,8,17,0.0537,0.1837,7
MAPE: 1000.0000: 174,37,8,59,6,6,0.093,0.5518,6
MAPE: 1000.0000: 236,5,6,439,9,7,0.047,0.86,5
MAPE: 1000.0000: 398,10,7,61,4,8,0.0439,0.0342,5
MAPE: 1000.0000: 509,18,3,441,5,15,0.08,0.5455,8
MAPE: 0.9657: 72,17,6,57,1,9,0.0799,0.9669,8
MAPE: 1000.0000: 138,40,7,264,8,10,0.0214,0.6373,2
MAPE: 0.9657: 56,8,4,27,5,8,0.0409,0.1641,6
MAPE: 0.9657: 226,20,3,309,2,9,0.0088,0.8468,1
MAPE: 1000.0000: 309,3,4,358,9,5,0.0648,0.3627,8
MAPE: 1000.0000: 310,42,8,424,4,6,0.0324,0.0476,1
MAPE: 1000.0000: 393,33,5,337,2,3,0.0559,0.5728,4
MAPE: 1000.0000: 156,10,6,437,6,20,0.09,0.2902,5
MAPE: 1000.0000: 94,31,6,30,9,10,0.0335,0.6251,9
MAPE: 1000.0000: 334,17,6,85,3,11,0.0362,0.7228,5
MAPE: 1000.0000: 15,33,4,314,3,9,0.0989,0.5599,4
MAPE: 1000.0000: 237,38,7,206,9,6,0.0205,0.7089,8
MAPE: 1000.0000: 108,49,9,322,9,16,0.0906,0.2528,4
MAPE: 0.9657: 288,22,2,282,5,6,0.026,0.6118,1
MAPE: 0.9657: 399,11,3,328,6,2,0.0063,0.7047,7
MAPE: 0.9657: 384,40,7,307,9,8,0.0015,0.165,10
MAPE: 1000.0000: 261,23,4,207,2,3,0.0949,0.1884,6
MAPE: 1000.0000: 175,14,4,229,5,3,0.0916,0.9555,7
MAPE: 0.9657: 99,14,9,478,1,20,0.0158,0.9667,10
MAPE: 1000.0000: 198,44,4,53,7,6,0.0872,0.7679,10
MAPE: 1000.0000: 47,40,4,250,8,9,0.0913,0.8968,6
MAPE: 1000.0000: 375,36,9,171,5,9,0.0207,0.6589,3
MAPE: 0.9657: 280,36,2,50,6,8,0.0367,0.8465,4
MAPE: 1000.0000: 196,43,6,189,6,6,0.0143,0.5713,7
MAPE: 0.9657: 196,9,2,294,2,16,0.0307,0.9486,2
MAPE: 0.9657: 265,45,5,41,9,5,0.0067,0.7286,8
MAPE: 0.9657: 248,31,9,42,8,6,0.001,0.7147,3
MAPE: 0.9657: 486,22,2,82,2,3,0.066,0.9572,2
MAPE: 1000.0000: 512,29,3,487,4,8,0.095,0.9332,6
MAPE: 1000.0000: 419,44,8,180,7,13,0.0685,0.6261,2
MAPE: 0.9657: 153,24,5,371,3,8,0.0037,0.0587,3
MAPE: 1000.0000: 125,25,8,153,3,10,0.0855,0.3831,6
MAPE: 1000.0000: 257,12,9,204,5,6,0.0522,0.1658,5
MAPE: 1000.0000: 274,10,7,345,4,4,0.092,0.2493,5
MAPE: 1000.0000: 351,5,4,406,4,7,0.0737,0.1448,6
MAPE: 0.9657: 377,4,7,203,6,11,0.0015,0.9921,3
MAPE: 0.9657: 302,8,3,81,2,6,0.0138,0.1248,7
MAPE: 1000.0000: 245,40,8,130,9,9,0.0543,0.5741,2
MAPE: 1000.0000: 271,15,8,398,1,6,0.0708,0.0744,6
MAPE: 1000.0000: 413,21,9,369,4,17,0.0895,0.7164,4
MAPE: 1000.0000: 170,3,4,417,5,10,0.0834,0.5884,6
MAPE: 1000.0000: 254,41,3,201,9,15,0.0353,0.9957,6
MAPE: 1000.0000: 451,9,2,298,5,4,0.0586,0.9898,7
MAPE: 1000.0000: 237,37,4,329,5,3,0.0157,0.0032,2
MAPE: 1000.0000: 72,38,3,323,9,12,0.0246,0.4333,6
MAPE: 1000.0000: 372,13,6,407,6,2,0.0702,0.3122,5
MAPE: 1000.0000: 436,46,9,474,5,8,0.0493,0.2409,5
MAPE: 1000.0000: 300,5,5,498,4,17,0.0501,0.47,7
MAPE: 1000.0000: 275,38,8,123,5,15,0.0226,0.5462,1
MAPE: 1000.0000: 477,31,10,83,1,15,0.0978,0.7032,6
MAPE: 1000.0000: 296,22,9,347,8,16,0.0035,0.8151,3
MAPE: 1000.0000: 451,2,6,459,4,3,0.0963,0.3109,1
MAPE: 1000.0000: 338,2,10,242,1,19,0.0728,0.2952,9
MAPE: 0.9657: 54,20,2,449,3,11,0.0498,0.2549,7
MAPE: 1000.0000: 55,26,3,352,9,8,0.0423,0.1767,8
MAPE: 0.9657: 391,16,6,244,5,19,0.0047,0.6126,5
MAPE: 1000.0000: 41,24,3,441,7,19,0.052,0.7605,1
MAPE: 1000.0000: 73,5,4,386,6,14,0.0719,0.2377,4
MAPE: 1000.0000: 400,14,9,79,8,16,0.0887,0.3099,3
MAPE: 1000.0000: 255,9,8,329,7,13,0.0962,0.707,1
MAPE: 1000.0000: 400,35,7,422,5,19,0.0607,0.2638,2
MAPE: 1000.0000: 251,6,9,87,4,17,0.0433,0.4235,10
MAPE: 1000.0000: 368,10,7,315,7,6,0.0192,0.0246,3
MAPE: 1000.0000: 402,7,7,244,10,3,0.048,0.8796,3
MAPE: 1000.0000: 386,35,8,289,9,6,0.0683,0.0178,7
MAPE: 1000.0000: 141,45,7,459,4,8,0.0975,0.8126,5
MAPE: 1000.0000: 303,43,4,141,3,7,0.0651,0.1615,2
MAPE: 1000.0000: 280,16,6,128,8,19,0.0442,0.6145,8
MAPE: 1000.0000: 270,34,5,431,6,15,0.0777,0.5004,6
MAPE: 1000.0000: 208,12,6,183,4,8,0.0709,0.7347,6
MAPE: 1000.0000: 95,41,4,368,8,20,0.0635,0.9855,4
MAPE: 1000.0000: 399,13,9,195,6,11,0.0571,0.6516,8
MAPE: 1000.0000: 458,7,8,234,5,11,0.0934,0.4883,7
MAPE: 1000.0000: 508,16,3,281,2,6,0.0788,0.4517,1
MAPE: 1000.0000: 218,28,6,334,8,10,0.0192,0.4371,5
MAPE: 1000.0000: 109,37,3,221,6,10,0.0942,0.8264,2
MAPE: 1000.0000: 417,21,7,354,7,20,0.0748,0.4569,9
MAPE: 0.9657: 17,36,3,42,2,2,0.0432,0.3805,2
MAPE: 1000.0000: 210,41,2,103,9,16,0.0335,0.7912,2
MAPE: 1000.0000: 337,42,8,438,7,17,0.0741,0.0013,10
MAPE: 1000.0000: 28,39,10,305,8,17,0.0069,0.2625,8
MAPE: 1000.0000: 28,25,4,437,2,20,0.0975,0.9265,10
MAPE: 1000.0000: 82,30,5,401,5,17,0.044,0.1619,9
MAPE: 1000.0000: 299,18,7,401,4,10,0.0287,0.4215,10
MAPE: 1000.0000: 322,45,10,137,2,6,0.0812,0.4375,7
MAPE: 1000.0000: 184,24,3,237,4,8,0.0559,0.6261,5
MAPE: 1000.0000: 106,40,5,317,6,8,0.0094,0.3137,4
MAPE: 1000.0000: 153,45,2,220,6,13,0.0304,0.6402,3
MAPE: 1000.0000: 35,26,2,349,9,9,0.0603,0.7567,1
MAPE: 1000.0000: 392,39,4,229,5,13,0.0819,0.4184,8
MAPE: 1000.0000: 297,24,2,199,10,2,0.0563,0.9811,10
MAPE: 0.9657: 36,46,6,12,4,13,0.0712,0.3885,10
MAPE: 1000.0000: 317,23,8,349,4,1,0.096,0.123,8
MAPE: 1000.0000: 193,4,10,346,6,7,0.0965,0.551,5
MAPE: 1000.0000: 377,42,6,358,3,12,0.0873,0.2937,6
MAPE: 1000.0000: 40,47,9,284,7,9,0.045,0.9836,5
MAPE: 1000.0000: 204,46,3,417,9,2,0.099,0.2692,1
MAPE: 0.9657: 402,9,1,106,9,12,0.0529,0.3741,8
MAPE: 1000.0000: 272,5,10,82,10,3,0.062,0.3105,8
MAPE: 1000.0000: 231,45,5,370,4,19,0.0583,0.7441,2
MAPE: 0.9657: 422,45,9,451,1,6,0.0089,0.7199,6
MAPE: 1000.0000: 432,12,9,488,8,10,0.0076,0.4003,8
MAPE: 0.9657: 449,4,2,455,4,14,0.0181,0.9873,9
MAPE: 0.9657: 445,7,5,259,1,8,0.0767,0.778,6
MAPE: 1000.0000: 326,37,9,414,2,15,0.0279,0.4675,7
MAPE: 1000.0000: 313,47,6,338,7,13,0.0162,0.3557,7
MAPE: 1000.0000: 278,16,7,215,9,15,0.0835,0.5744,6
MAPE: 1000.0000: 416,26,4,279,9,10,0.0116,0.8098,8
MAPE: 1000.0000: 14,12,1,69,9,13,0.0948,0.2805,6
MAPE: 0.9657: 473,21,10,345,2,6,0.0034,0.6327,10
MAPE: 1000.0000: 27,12,3,227,4,4,0.0231,0.2881,2
MAPE: 0.9657: 262,10,7,50,2,4,0.055,0.0802,6
MAPE: 1000.0000: 478,9,9,361,4,9,0.0131,0.4243,9
MAPE: 1000.0000: 259,9,4,441,6,7,0.0737,0.8851,5
MAPE: 0.9657: 31,29,2,258,2,18,0.0497,0.518,2
MAPE: 1000.0000: 272,19,5,426,8,8,0.0154,0.8428,6
MAPE: 1000.0000: 201,16,9,125,6,20,0.0179,0.1217,4
MAPE: 0.0492: 124,42,6,124,1,20,0.0078,0.4365,4
MAPE: 0.0953: 34,36,7,70,2,11,0.0086,0.0758,8
MAPE: 1000.0000: 438,23,4,168,5,17,0.0963,0.7233,9
MAPE: 1000.0000: 146,14,8,378,8,9,0.0144,0.6756,9
MAPE: 1000.0000: 146,39,7,433,6,16,0.0433,0.9311,7
MAPE: 0.9657: 204,48,3,182,2,7,0.0374,0.5336,9
MAPE: 0.0502: 432,19,5,156,5,11,0.002,0.2871,10
MAPE: 1000.0000: 104,10,9,251,2,16,0.0129,0.2423,8
MAPE: 0.9657: 148,2,1,24,8,11,0.0727,0.6784,8
MAPE: 1000.0000: 323,26,9,462,8,9,0.0504,0.2884,5
MAPE: 0.9657: 150,18,1,257,9,7,0.029,0.1584,8
MAPE: 0.9657: 376,7,3,66,3,5,0.0543,0.6744,3
MAPE: 0.3279: 194,40,5,7,7,19,0.0223,0.7705,8
MAPE: 1000.0000: 494,21,9,249,10,12,0.0421,0.528,9
MAPE: 1000.0000: 266,48,9,167,9,14,0.0979,0.5634,5
MAPE: 1000.0000: 10,13,5,287,4,14,0.0859,0.317,4
MAPE: 0.9657: 298,20,4,211,2,15,0.0343,0.7942,10
MAPE: 1000.0000: 430,10,8,323,3,8,0.086,0.2693,1
MAPE: 1000.0000: 423,39,4,361,3,18,0.0976,0.3644,8
MAPE: 1000.0000: 146,23,4,183,7,5,0.0139,0.8697,1
MAPE: 1000.0000: 87,17,5,399,3,16,0.0157,0.0009,6
MAPE: 1000.0000: 333,20,8,146,8,13,0.0682,0.4962,6
MAPE: 0.9657: 125,49,2,494,3,14,0.0153,0.8022,5
MAPE: 1000.0000: 196,36,6,487,9,9,0.0359,0.5885,4
MAPE: 1000.0000: 16,26,7,253,5,12,0.0874,0.2644,6
MAPE: 0.9657: 20,32,3,122,3,17,0.0069,0.0908,1
MAPE: 1000.0000: 337,35,10,297,7,11,0.0677,0.3415,4
MAPE: 1000.0000: 43,27,7,417,5,2,0.0361,0.0231,9
MAPE: 1000.0000: 61,2,3,145,10,3,0.036,0.4355,7
MAPE: 1000.0000: 491,21,3,288,6,9,0.0956,0.0283,8
MAPE: 1000.0000: 320,9,5,205,3,12,0.0982,0.7589,8
MAPE: 1000.0000: 408,45,2,335,6,7,0.0796,0.1181,8
MAPE: 1000.0000: 142,16,10,197,6,11,0.0678,0.3145,10
MAPE: 1000.0000: 239,14,9,299,4,18,0.0612,0.114,9
MAPE: 0.9657: 396,3,3,90,4,4,0.0238,0.9173,9
MAPE: 1000.0000: 420,1,10,210,4,19,0.0943,0.262,9
MAPE: 1000.0000: 375,13,9,130,2,3,0.0597,0.6626,8
MAPE: 1000.0000: 305,22,3,79,6,1,0.0744,0.7757,8
MAPE: 1000.0000: 133,14,2,338,4,12,0.0501,0.4534,7
MAPE: 1000.0000: 486,44,3,448,8,2,0.0935,0.0687,9
MAPE: 1000.0000: 121,18,10,308,5,5,0.0187,0.1681,4
MAPE: 1000.0000: 111,36,8,279,4,2,0.0396,0.2235,9
MAPE: 0.9657: 156,27,3,140,1,2,0.0907,0.2269,5
MAPE: 1000.0000: 13,5,9,145,9,11,0.0718,0.7463,8
MAPE: 1000.0000: 219,10,5,468,6,13,0.0768,0.1457,9
MAPE: 1000.0000: 260,20,7,457,7,5,0.0631,0.8802,6
MAPE: 0.0535: 151,12,8,10,7,17,0.0012,0.8741,9
MAPE: 1000.0000: 347,1,3,485,7,4,0.0188,0.1474,1
MAPE: 0.5050: 409,34,8,177,9,8,0.0008,0.5138,7
MAPE: 1000.0000: 258,42,4,259,7,15,0.0666,0.3042,7
MAPE: 0.9657: 478,35,4,302,6,14,0.0038,0.7469,9
MAPE: 1000.0000: 157,32,7,257,2,19,0.0457,0.4679,7
MAPE: 1000.0000: 123,48,8,209,10,15,0.0765,0.4265,10
MAPE: 1000.0000: 508,34,6,465,8,7,0.0873,0.7584,3
MAPE: 1000.0000: 274,9,9,454,9,12,0.0401,0.5158,2
MAPE: 1000.0000: 306,25,3,161,5,13,0.0821,0.61,6
MAPE: 1000.0000: 234,13,3,182,8,12,0.0917,0.5342,5
MAPE: 1000.0000: 113,17,5,463,10,16,0.0526,0.4291,5
MAPE: 1000.0000: 201,49,3,324,8,14,0.0579,0.0623,2
MAPE: 1000.0000: 33,43,8,392,3,15,0.0097,0.7741,6
MAPE: 1000.0000: 170,22,4,154,9,11,0.0281,0.8136,9
MAPE: 1000.0000: 28,38,2,410,10,2,0.0806,0.5667,6
MAPE: 1000.0000: 313,17,10,324,3,7,0.0487,0.4417,3
MAPE: 0.9657: 306,37,1,392,10,2,0.0248,0.6911,7
MAPE: 1000.0000: 150,2,5,488,2,20,0.0888,0.2222,2
MAPE: 1000.0000: 29,29,6,131,8,11,0.0762,0.9796,4
MAPE: 1000.0000: 141,27,9,164,4,3,0.0252,0.6127,7
MAPE: 1000.0000: 442,32,10,445,6,13,0.0055,0.7083,6
MAPE: 1000.0000: 484,38,8,171,4,16,0.0366,0.831,8
MAPE: 0.9657: 331,24,3,203,2,6,0.0387,0.6195,7
MAPE: 1000.0000: 494,48,2,29,10,5,0.0698,0.4384,4
MAPE: 1000.0000: 503,41,2,79,9,7,0.0672,0.8624,5
MAPE: 6.2673: 400,2,5,14,8,13,0.0504,0.6149,8
MAPE: 1000.0000: 235,22,9,336,4,8,0.015,0.8152,1
MAPE: 1000.0000: 449,11,10,320,10,16,0.0254,0.8753,6
MAPE: 1000.0000: 224,22,5,372,9,11,0.0694,0.7695,7
MAPE: 1000.0000: 177,36,4,312,4,8,0.0409,0.8164,9
MAPE: 0.9657: 15,12,2,87,6,19,0.0285,0.9152,1
MAPE: 1000.0000: 178,10,5,370,2,16,0.0865,0.622,1
MAPE: 1000.0000: 289,34,10,459,10,6,0.0958,0.9042,3
MAPE: 1000.0000: 183,22,10,408,5,7,0.0813,0.793,7
MAPE: 1000.0000: 383,47,1,257,7,16,0.0478,0.7517,9
MAPE: 1000.0000: 303,7,4,25,7,14,0.078,0.144,4
MAPE: 1000.0000: 217,41,9,381,7,6,0.0864,0.7913,4
MAPE: 0.9657: 339,44,4,33,3,19,0.0685,0.0494,4
MAPE: 0.9657: 369,36,2,59,8,1,0.0304,0.766,3
MAPE: 1000.0000: 434,31,7,389,3,7,0.0381,0.3224,2
MAPE: 1000.0000: 147,6,3,147,10,6,0.0831,0.8187,4
MAPE: 1000.0000: 135,49,5,306,4,16,0.0356,0.6859,8
MAPE: 1000.0000: 343,17,5,417,6,17,0.0512,0.5448,3
MAPE: 1000.0000: 46,36,10,274,8,2,0.0093,0.9281,1
MAPE: 1000.0000: 230,31,4,157,6,4,0.0226,0.5425,9
MAPE: 0.9657: 115,27,1,374,2,7,0.0222,0.7513,4
MAPE: 0.0585: 59,4,1,252,4,9,0.0157,0.6189,9
MAPE: 1000.0000: 39,49,5,108,6,16,0.0272,0.9209,4
MAPE: 0.9657: 408,45,2,498,1,9,0.0144,0.982,9
MAPE: 1000.0000: 454,36,7,118,9,5,0.0712,0.7683,8
MAPE: 1000.0000: 33,33,4,141,9,17,0.0405,0.6583,9
MAPE: 1000.0000: 171,32,8,448,10,11,0.0727,0.1074,10
MAPE: 1000.0000: 193,22,3,357,10,1,0.0718,0.2067,10
MAPE: 1000.0000: 196,39,10,456,1,15,0.0402,0.1902,10
MAPE: 0.0521: 246,27,6,131,5,18,0.0002,0.0979,4
MAPE: 0.9657: 395,35,2,214,3,19,0.0323,0.884,7
MAPE: 1000.0000: 432,7,7,59,4,5,0.0289,0.3361,5
MAPE: 1000.0000: 157,18,10,382,1,12,0.0995,0.4571,5
MAPE: 0.9657: 478,22,4,9,6,5,0.083,0.7046,9
MAPE: 1000.0000: 25,26,9,313,7,16,0.0869,0.8312,8
MAPE: 1000.0000: 466,43,8,414,7,3,0.0758,0.0826,3
MAPE: 1000.0000: 55,36,2,230,4,2,0.0982,0.5464,4
MAPE: 0.0493: 473,37,5,250,5,3,0.0023,0.3613,7
MAPE: 1000.0000: 476,34,1,405,8,20,0.0893,0.9863,2
MAPE: 1000.0000: 506,44,3,65,8,14,0.0458,0.333,2
MAPE: 1000.0000: 384,16,8,55,3,5,0.0321,0.0509,6
MAPE: 1000.0000: 123,47,5,351,8,13,0.0785,0.092,7
MAPE: 0.9657: 494,7,7,489,1,14,0.0328,0.0621,10
MAPE: 1000.0000: 166,34,8,424,9,5,0.0549,0.0042,5
MAPE: 0.9657: 399,42,5,132,2,1,0.0184,0.0186,8
MAPE: 1000.0000: 109,41,7,334,7,19,0.0623,0.904,3
MAPE: 1000.0000: 67,19,8,461,8,18,0.011,0.413,4
MAPE: 1000.0000: 291,26,7,234,6,17,0.0688,0.1589,7
MAPE: 1000.0000: 92,25,7,376,8,8,0.0154,0.3123,7
MAPE: 0.9657: 394,37,1,435,8,10,0.0184,0.992,7
MAPE: 1000.0000: 78,28,3,149,10,19,0.0614,0.3014,4
MAPE: 1000.0000: 489,33,9,217,6,6,0.0968,0.9692,2
MAPE: 1000.0000: 456,21,8,280,1,15,0.0574,0.4288,7
MAPE: 1000.0000: 333,40,5,375,4,6,0.0653,0.786,7
MAPE: 0.0696: 44,38,2,23,4,14,0.0243,0.1488,10
MAPE: 0.9657: 66,21,4,309,2,4,0.0367,0.8695,5
MAPE: 1000.0000: 169,32,7,329,5,11,0.0532,0.4979,6
MAPE: 1000.0000: 290,18,4,484,3,8,0.0286,0.0994,6
MAPE: 1000.0000: 374,10,6,158,4,15,0.0192,0.7689,4
MAPE: 1000.0000: 57,39,3,439,9,19,0.0432,0.2926,10
MAPE: 0.9657: 91,37,2,93,4,19,0.0403,0.5616,10
MAPE: 1000.0000: 244,45,6,381,7,17,0.0083,0.9634,5
MAPE: 1000.0000: 165,19,8,248,9,2,0.0713,0.9046,2
MAPE: 6.2673: 381,50,8,26,9,17,0.0258,0.4021,3
MAPE: 1000.0000: 285,2,5,172,8,14,0.0507,0.2405,5
MAPE: 1000.0000: 337,38,4,135,3,20,0.066,0.041,2
MAPE: 1000.0000: 414,24,5,146,8,11,0.0884,0.0693,7
MAPE: 1000.0000: 69,38,6,70,8,2,0.0299,0.7717,9
MAPE: 0.9657: 75,24,3,149,3,18,0.0385,0.0497,5
MAPE: 1000.0000: 240,6,7,350,5,15,0.0311,0.6259,2
MAPE: 1000.0000: 239,30,6,219,8,16,0.0357,0.7974,4
MAPE: 1000.0000: 225,9,7,151,2,15,0.0479,0.8112,6
MAPE: 1000.0000: 494,49,5,183,4,20,0.0419,0.2727,4
MAPE: 0.0538: 85,25,8,307,5,12,0.0006,0.7813,6
MAPE: 1000.0000: 93,50,9,492,2,11,0.0649,0.2601,8
MAPE: 1000.0000: 277,17,5,489,3,7,0.0853,0.4521,3
MAPE: 1000.0000: 111,33,2,147,9,10,0.0489,0.1555,9
MAPE: 1000.0000: 231,3,6,130,4,8,0.0477,0.7116,9
MAPE: 1000.0000: 235,9,8,476,6,11,0.0144,0.3619,7
MAPE: 1000.0000: 326,21,6,255,5,3,0.0769,0.4649,3
MAPE: 1000.0000: 384,26,7,99,9,7,0.0206,0.7085,7
MAPE: 1000.0000: 196,39,7,233,4,15,0.0501,0.7846,9
MAPE: 0.9657: 205,37,2,141,7,13,0.0102,0.2986,8
MAPE: 0.9657: 500,5,1,154,8,3,0.0785,0.2474,4
MAPE: 1000.0000: 225,1,7,288,5,17,0.088,0.5673,8
MAPE: 0.9657: 335,45,1,378,3,18,0.0991,0.7235,4
MAPE: 1000.0000: 344,13,3,386,2,18,0.0824,0.5389,6
MAPE: 1000.0000: 105,23,2,355,8,9,0.0697,0.3329,9
MAPE: 0.9657: 246,37,6,86,1,17,0.0604,0.0419,3
MAPE: 0.0527: 382,29,2,31,8,18,0.0006,0.3162,10
MAPE: 0.9657: 179,16,6,252,1,7,0.0453,0.4019,9
MAPE: 1000.0000: 16,34,5,144,8,9,0.0413,0.6765,2
MAPE: 0.9657: 197,4,4,201,4,3,0.0058,0.5106,1
MAPE: 0.9657: 341,16,1,308,6,12,0.0102,0.6726,6
MAPE: 1000.0000: 39,47,4,78,3,12,0.0944,0.5159,8
MAPE: 0.9657: 343,8,6,299,1,14,0.0554,0.5159,4
MAPE: 1000.0000: 50,12,9,403,7,12,0.038,0.512,6
MAPE: 1000.0000: 509,47,7,339,8,19,0.0323,0.7835,1
MAPE: 1000.0000: 278,25,9,496,4,7,0.0515,0.9518,7
MAPE: 0.9657: 90,7,10,427,4,3,0.0013,0.1793,4
MAPE: 1000.0000: 134,39,8,247,6,9,0.027,0.9,2
MAPE: 1000.0000: 22,12,4,366,5,10,0.0943,0.1037,8
MAPE: 1000.0000: 359,35,3,343,6,9,0.0079,0.1916,8
MAPE: 0.9657: 200,27,4,62,1,14,0.0842,0.0728,7
MAPE: 2.0588: 354,44,2,10,3,18,0.0533,0.4947,3
MAPE: 1000.0000: 244,19,9,368,4,3,0.0366,0.562,8
MAPE: 0.9657: 364,32,4,275,5,3,0.0056,0.4527,3
MAPE: 1000.0000: 215,5,6,88,6,15,0.0935,0.6315,6
MAPE: 1000.0000: 183,42,3,451,10,14,0.0294,0.2528,7
MAPE: 1000.0000: 154,48,2,157,4,13,0.099,0.8549,4
MAPE: 1000.0000: 226,24,5,471,6,20,0.0439,0.4187,3
MAPE: 1000.0000: 72,31,2,450,4,1,0.0787,0.0414,10
MAPE: 1000.0000: 136,47,4,344,8,4,0.0593,0.1722,3
MAPE: 1000.0000: 57,28,3,330,9,10,0.0087,0.2255,9
MAPE: 1000.0000: 445,8,5,191,8,7,0.0214,0.3335,8
MAPE: 0.9657: 74,1,3,301,2,10,0.0695,0.8083,2
MAPE: 1000.0000: 480,36,9,343,7,18,0.0121,0.9881,2
MAPE: 1000.0000: 371,16,5,283,7,7,0.0917,0.1848,10
MAPE: 1000.0000: 218,34,3,210,7,3,0.0521,0.0797,2
MAPE: 0.9657: 446,36,7,6,7,16,0.0577,0.3934,8
MAPE: 1000.0000: 290,47,8,343,9,9,0.0835,0.2278,9
MAPE: 1000.0000: 215,10,8,391,2,18,0.0223,0.3588,8
MAPE: 0.9657: 294,3,2,84,6,15,0.0323,0.9839,6
MAPE: 1000.0000: 356,24,7,386,3,11,0.0458,0.7027,3
MAPE: 1000.0000: 329,9,2,286,9,12,0.0325,0.9842,2
MAPE: 0.0510: 55,41,4,25,9,17,0.0077,0.3543,10
MAPE: 1000.0000: 185,8,10,245,10,19,0.0879,0.0131,10
MAPE: 0.0568: 206,10,3,52,2,16,0.0278,0.1029,8
MAPE: 1000.0000: 367,11,9,496,9,2,0.0256,0.0492,2
MAPE: 1000.0000: 342,15,8,381,10,19,0.0248,0.1366,9
MAPE: 1000.0000: 414,13,8,449,6,10,0.0996,0.9918,9
MAPE: 1000.0000: 480,7,10,223,6,2,0.0431,0.0661,2
MAPE: 1000.0000: 83,4,2,165,8,18,0.0327,0.1747,6
MAPE: 1000.0000: 105,32,6,419,4,6,0.0784,0.0225,6
MAPE: 0.9657: 316,21,4,438,1,2,0.0663,0.3646,8
MAPE: 1000.0000: 15,5,3,336,6,7,0.0717,0.1839,10
MAPE: 1000.0000: 265,45,5,337,7,15,0.004,0.1311,4
MAPE: 1000.0000: 317,15,9,414,6,6,0.0737,0.2851,3
MAPE: 1000.0000: 473,30,8,416,5,2,0.0866,0.5959,2
MAPE: 1000.0000: 310,4,6,110,7,9,0.0148,0.5759,5
MAPE: 1000.0000: 270,50,5,406,9,8,0.0789,0.9434,3
MAPE: 0.9657: 416,16,3,181,3,11,0.0221,0.9591,8
MAPE: 1000.0000: 479,43,10,460,2,13,0.0694,0.7201,9
MAPE: 1000.0000: 390,50,8,60,2,18,0.0995,0.3953,6
MAPE: 1000.0000: 432,32,5,125,8,4,0.0582,0.4726,2
MAPE: 1000.0000: 308,23,9,352,7,3,0.0528,0.0455,4
MAPE: 1000.0000: 223,37,5,335,5,3,0.006,0.7996,4
MAPE: 0.9657: 22,38,2,266,2,17,0.0741,0.8654,3
MAPE: 1000.0000: 379,27,3,132,9,17,0.0108,0.0494,8
MAPE: 1000.0000: 504,38,2,378,7,14,0.0248,0.9639,3
MAPE: 0.9657: 220,39,3,77,7,14,0.0124,0.5917,4
MAPE: 0.9657: 382,16,1,202,4,8,0.0296,0.7802,4
MAPE: 1000.0000: 377,29,3,141,10,14,0.0999,0.2432,7
MAPE: 1000.0000: 503,41,10,372,3,8,0.0807,0.2788,6
MAPE: 0.9657: 376,18,1,115,8,14,0.0705,0.6341,3
MAPE: 1000.0000: 376,49,8,24,5,11,0.0647,0.6355,6
MAPE: 1000.0000: 223,43,5,463,4,15,0.0569,0.7946,4
MAPE: 1000.0000: 191,20,3,262,7,12,0.044,0.4233,9
MAPE: 1000.0000: 62,42,5,99,4,9,0.0548,0.994,8
MAPE: 1000.0000: 127,9,2,277,8,11,0.0619,0.3587,8
MAPE: 0.0852: 130,23,1,5,2,2,0.0671,0.1308,7
MAPE: 1000.0000: 162,35,5,72,9,18,0.0847,0.9145,3
MAPE: 1000.0000: 325,43,6,260,8,2,0.0311,0.7614,1
MAPE: 1000.0000: 132,21,2,37,7,12,0.0896,0.5648,3
MAPE: 1000.0000: 450,5,4,319,9,20,0.0624,0.9293,1
MAPE: 1000.0000: 213,16,7,137,4,20,0.0859,0.1251,7
MAPE: 0.9657: 262,23,4,239,4,7,0.0052,0.0832,7
MAPE: 0.9657: 418,24,2,248,3,19,0.0657,0.1589,6
MAPE: 1000.0000: 203,29,4,290,10,16,0.0435,0.4014,2
MAPE: 1000.0000: 254,3,9,472,4,18,0.0381,0.7343,5
MAPE: 1000.0000: 69,39,9,188,4,7,0.0315,0.571,8
MAPE: 1000.0000: 115,14,2,258,7,16,0.0269,0.9479,3
MAPE: 0.0494: 469,31,7,450,2,4,0.0004,0.41,3
MAPE: 1000.0000: 422,50,9,131,3,19,0.0793,0.6724,4
MAPE: 1000.0000: 272,32,2,491,5,6,0.0995,0.072,9
MAPE: 1000.0000: 299,4,3,64,9,13,0.0427,0.5207,8
MAPE: 1000.0000: 238,10,9,331,6,7,0.0191,0.0547,4
MAPE: 1000.0000: 410,45,9,388,2,3,0.0404,0.4531,2
MAPE: 1000.0000: 288,22,3,114,3,15,0.0589,0.5203,9
MAPE: 0.9657: 451,35,1,189,2,15,0.0784,0.0614,1
MAPE: 1000.0000: 36,12,8,142,10,17,0.07,0.1983,2
MAPE: 1000.0000: 29,18,10,14,6,13,0.0733,0.3349,1
MAPE: 1000.0000: 158,10,8,468,7,7,0.0232,0.7483,4
MAPE: 1000.0000: 53,45,9,431,7,20,0.0772,0.4499,5
MAPE: 1000.0000: 197,8,7,106,2,20,0.0368,0.3247,4
MAPE: 0.9657: 475,11,3,13,3,9,0.0914,0.891,7
MAPE: 1000.0000: 72,22,5,115,8,2,0.0365,0.6303,6
MAPE: 1000.0000: 202,28,7,270,3,1,0.0636,0.8209,5
MAPE: 1000.0000: 184,12,5,59,7,6,0.084,0.4213,4
MAPE: 2.3550: 215,28,7,2,8,5,0.0114,0.2091,4
MAPE: 1000.0000: 376,32,10,275,8,6,0.0495,0.7599,2
MAPE: 1000.0000: 293,43,8,100,3,18,0.0992,0.0658,8
MAPE: 1000.0000: 240,11,7,417,5,2,0.0051,0.8087,5
MAPE: 1000.0000: 403,49,5,289,7,17,0.0383,0.1511,5
MAPE: 1000.0000: 377,7,7,420,1,11,0.0845,0.5587,4
MAPE: 1000.0000: 382,38,2,352,9,2,0.0813,0.3951,3
MAPE: 1000.0000: 450,45,4,405,9,6,0.0116,0.9095,3
MAPE: 0.9657: 256,24,1,366,4,16,0.0637,0.8987,2
MAPE: 1000.0000: 346,34,7,367,8,9,0.0044,0.6464,4
MAPE: 1000.0000: 380,12,4,183,7,5,0.0232,0.8921,5
MAPE: 0.9657: 361,4,6,46,1,15,0.0482,0.4086,1
MAPE: 1000.0000: 97,22,5,412,10,11,0.0291,0.9037,4
MAPE: 1000.0000: 366,13,9,304,6,10,0.0802,0.9925,6
MAPE: 0.0491: 289,21,5,168,5,10,0.0037,0.8159,2
MAPE: 1000.0000: 290,26,4,397,8,9,0.0437,0.4766,8
MAPE: 1000.0000: 433,4,2,40,10,2,0.0704,0.6304,3
MAPE: 0.9657: 317,49,9,91,1,7,0.0458,0.6469,9
MAPE: 1000.0000: 50,42,9,173,8,12,0.0791,0.5091,8
MAPE: 1000.0000: 479,34,10,181,9,6,0.0992,0.2412,4
MAPE: 0.9657: 468,34,10,24,2,1,0.0642,0.504,8
MAPE: 1000.0000: 265,6,5,326,10,3,0.033,0.6953,4
MAPE: 0.9657: 121,36,9,446,3,14,0.0029,0.0607,10
MAPE: 0.9657: 463,50,5,377,4,7,0.0026,0.8882,9
MAPE: 0.9657: 137,27,2,251,2,13,0.0352,0.7641,9
MAPE: 1000.0000: 458,4,3,88,5,6,0.0753,0.3914,2
MAPE: 1000.0000: 224,34,4,296,9,13,0.0105,0.2348,7
MAPE: 1000.0000: 381,21,8,194,5,2,0.0202,0.8785,6
MAPE: 1000.0000: 85,23,9,152,10,18,0.0795,0.7742,2
MAPE: 1000.0000: 314,25,8,384,5,13,0.0615,0.8005,4
MAPE: 1000.0000: 110,4,7,333,1,8,0.0895,0.6284,7
MAPE: 0.9657: 370,12,5,148,4,16,0.0139,0.7952,7
MAPE: 1000.0000: 227,21,2,343,9,3,0.0739,0.4283,9
MAPE: 1000.0000: 365,18,6,99,8,10,0.0846,0.3906,3
MAPE: 1000.0000: 320,22,6,100,2,1,0.065,0.5184,7
MAPE: 0.9657: 51,14,2,435,7,17,0.0066,0.7338,8
MAPE: 1000.0000: 169,16,9,348,5,9,0.0602,0.0661,9
MAPE: 1000.0000: 489,38,5,495,6,9,0.0762,0.2169,9
MAPE: 0.9657: 508,18,7,197,9,3,0.0061,0.1687,4
MAPE: 0.9657: 431,33,7,166,4,16,0.0035,0.5353,2
MAPE: 1000.0000: 142,30,9,372,6,8,0.0935,0.0755,7
MAPE: 0.9657: 292,21,4,477,1,5,0.0648,0.454,4
MAPE: 1000.0000: 116,7,6,359,7,13,0.0526,0.5911,7
MAPE: 1000.0000: 259,42,8,486,3,15,0.0104,0.7313,4
MAPE: 1000.0000: 333,28,6,51,5,1,0.0798,0.5491,2
MAPE: 0.9657: 338,11,2,84,2,19,0.0488,0.2949,5
MAPE: 1000.0000: 492,17,8,194,3,6,0.0638,0.3144,7
MAPE: 1000.0000: 421,29,5,286,4,14,0.0946,0.1663,4
MAPE: 1000.0000: 128,22,5,148,6,6,0.0593,0.4365,9
MAPE: 1000.0000: 348,6,3,272,4,13,0.0568,0.9565,1
MAPE: 1000.0000: 223,37,5,442,8,5,0.0195,0.2978,2
MAPE: 1000.0000: 13,32,3,222,8,5,0.0127,0.9487,1
MAPE: 1000.0000: 441,37,10,88,6,12,0.0507,0.6397,7
MAPE: 1000.0000: 61,18,3,260,7,13,0.0406,0.5459,10
MAPE: 1000.0000: 298,39,9,205,7,7,0.0892,0.8316,2
MAPE: 1000.0000: 425,15,6,417,2,7,0.0981,0.8905,9
MAPE: 1000.0000: 195,18,7,144,3,15,0.0983,0.991,5
MAPE: 1000.0000: 149,19,5,215,9,18,0.0547,0.438,3
MAPE: 0.9657: 363,10,10,93,5,12,0.0078,0.1086,5
MAPE: 1000.0000: 98,49,6,327,10,10,0.0609,0.4594,9
MAPE: 0.0523: 508,31,2,439,2,9,0.0067,0.6164,2
MAPE: 1000.0000: 422,32,2,426,5,2,0.0441,0.0511,5
MAPE: 1000.0000: 101,21,4,471,5,7,0.0719,0.3853,3
MAPE: 1000.0000: 497,42,5,164,4,17,0.023,0.8501,3
MAPE: 1000.0000: 339,25,4,170,9,14,0.055,0.5135,2
MAPE: 1000.0000: 179,8,6,337,10,1,0.0357,0.8961,4
MAPE: 1000.0000: 287,25,9,309,9,13,0.0077,0.4489,5
MAPE: 1000.0000: 424,13,8,254,10,14,0.0386,0.9915,2
MAPE: 6.2673: 112,27,9,19,2,7,0.0715,0.1454,4
MAPE: 0.9657: 482,20,2,226,5,11,0.009,0.5226,1
MAPE: 1000.0000: 111,7,8,182,8,19,0.0174,0.8401,5
MAPE: 1000.0000: 497,18,7,256,3,2,0.0921,0.1189,3
MAPE: 1000.0000: 419,48,7,451,9,17,0.0725,0.2548,6
MAPE: 1000.0000: 192,22,4,411,8,11,0.0443,0.6216,7
MAPE: 1000.0000: 486,8,9,466,9,16,0.0891,0.0279,5
MAPE: 1000.0000: 121,49,6,467,9,8,0.0373,0.5974,9
MAPE: 1000.0000: 301,7,5,295,2,1,0.0415,0.9135,2
MAPE: 1000.0000: 503,47,5,304,6,2,0.0668,0.7497,5
MAPE: 1000.0000: 333,17,3,88,7,11,0.0825,0.8874,3
MAPE: 1000.0000: 483,13,7,176,9,18,0.065,0.6462,7
MAPE: 1000.0000: 195,46,4,320,3,13,0.0896,0.5911,4
MAPE: 1000.0000: 300,38,2,439,8,12,0.0247,0.7647,2
MAPE: 1000.0000: 322,3,3,202,3,4,0.0711,0.0319,4
MAPE: 1000.0000: 22,19,8,175,3,20,0.0405,0.7599,2
MAPE: 1000.0000: 330,38,6,468,2,7,0.0914,0.9919,5
MAPE: 0.0499: 93,27,4,438,3,15,0.0003,0.6063,5
MAPE: 1000.0000: 470,24,5,348,6,16,0.0386,0.1063,9
MAPE: 1000.0000: 40,18,2,349,8,14,0.0461,0.4664,7
MAPE: 1000.0000: 457,33,8,287,2,17,0.0709,0.8873,4
MAPE: 1000.0000: 159,10,3,346,8,16,0.0096,0.5468,10
MAPE: 0.9657: 244,33,3,349,2,10,0.0344,0.7233,10
MAPE: 1000.0000: 358,10,8,404,3,7,0.099,0.6884,4
MAPE: 0.0495: 116,44,1,255,4,9,0.0053,0.7846,1
MAPE: 1000.0000: 94,23,4,164,4,1,0.0822,0.2112,6
MAPE: 1000.0000: 28,37,7,358,9,12,0.0436,0.3567,2
MAPE: 1000.0000: 465,43,7,443,3,5,0.0821,0.0372,5
MAPE: 1000.0000: 391,15,2,109,6,15,0.0729,0.0079,6
MAPE: 1000.0000: 398,31,7,278,4,8,0.0696,0.3489,5
MAPE: 1000.0000: 51,3,4,428,2,6,0.0937,0.5834,6
MAPE: 0.9657: 362,26,8,58,8,15,0.0788,0.2421,6
MAPE: 1000.0000: 210,8,8,97,9,6,0.0345,0.4251,9
MAPE: 1000.0000: 334,44,6,498,3,17,0.0712,0.4072,4
MAPE: 1000.0000: 392,48,6,291,10,13,0.0796,0.9008,7
MAPE: 1000.0000: 145,28,2,298,7,2,0.0482,0.5333,10
MAPE: 1000.0000: 469,31,7,438,1,17,0.0326,0.2692,2
MAPE: 1000.0000: 500,46,2,246,8,5,0.0141,0.8333,1
MAPE: 1000.0000: 320,23,6,433,1,20,0.0528,0.3405,5
MAPE: 1000.0000: 151,49,6,349,8,17,0.0223,0.3243,5
MAPE: 1000.0000: 409,22,6,442,9,19,0.0806,0.1121,5
MAPE: 1000.0000: 328,46,4,69,7,18,0.0925,0.9649,7
MAPE: 1000.0000: 395,16,4,164,8,11,0.0844,0.5215,3
MAPE: 1000.0000: 45,46,5,67,3,1,0.0755,0.6252,7
MAPE: 0.9657: 11,4,4,289,6,17,0.0029,0.7341,4
MAPE: 1000.0000: 362,4,5,389,8,18,0.0284,0.0906,1
MAPE: 1000.0000: 414,35,5,76,9,5,0.0274,0.2791,6
MAPE: 1000.0000: 453,28,5,53,4,6,0.0448,0.78,2
MAPE: 0.9657: 224,39,1,368,4,17,0.0296,0.6273,2
MAPE: 0.9657: 192,11,1,262,7,5,0.0672,0.644,7
MAPE: 0.9657: 168,8,1,331,4,1,0.0244,0.828,4
MAPE: 1000.0000: 335,39,4,135,3,1,0.0861,0.3701,4
MAPE: 0.9657: 415,7,3,422,4,1,0.0128,0.1818,3
MAPE: 1000.0000: 243,13,3,119,3,3,0.0844,0.9854,10
MAPE: 0.9657: 86,42,4,445,5,7,0.0024,0.4981,7
MAPE: 1000.0000: 132,29,4,465,10,13,0.0758,0.3979,8
MAPE: 1000.0000: 13,44,6,164,10,13,0.006,0.3911,6
MAPE: 1000.0000: 423,26,8,92,9,13,0.0758,0.5254,3
MAPE: 1000.0000: 317,21,8,320,7,19,0.0605,0.5215,7
MAPE: 6.2673: 176,40,1,262,1,14,0.077,0.3724,8
MAPE: 1000.0000: 306,4,9,324,2,19,0.0848,0.2247,3
MAPE: 1000.0000: 247,46,4,443,8,5,0.0601,0.8632,7
MAPE: 1000.0000: 101,46,9,98,7,7,0.0621,0.0596,5
MAPE: 0.9657: 57,24,7,3,8,16,0.0628,0.8464,4
MAPE: 1000.0000: 432,33,5,314,7,1,0.0702,0.4865,8
MAPE: 1000.0000: 257,26,5,370,8,12,0.0899,0.9884,4
MAPE: 1000.0000: 338,20,8,276,2,3,0.0841,0.9022,4
MAPE: 1000.0000: 76,49,5,347,9,4,0.055,0.3893,6
MAPE: 0.9657: 203,3,4,5,6,2,0.0763,0.6691,7
MAPE: 1000.0000: 371,25,3,37,8,14,0.0433,0.185,2
MAPE: 1000.0000: 88,37,6,433,4,6,0.0787,0.3534,9
MAPE: 1000.0000: 59,27,4,482,4,18,0.0886,0.9673,4
MAPE: 0.9657: 368,8,1,354,10,5,0.0125,0.7057,8
MAPE: 0.0596: 152,8,5,177,2,14,0.0103,0.0494,6
MAPE: 1000.0000: 25,7,7,58,8,6,0.0338,0.4759,2
MAPE: 1000.0000: 397,45,9,360,4,11,0.0663,0.3784,2
MAPE: 1000.0000: 372,11,10,413,5,12,0.0365,0.3251,5
MAPE: 0.0476: 355,43,2,86,3,5,0.0117,0.6807,7
MAPE: 1000.0000: 52,49,7,374,3,17,0.0444,0.0888,6
MAPE: 1000.0000: 293,45,9,123,4,2,0.0778,0.1326,8
MAPE: 6.2673: 122,24,6,42,10,15,0.0552,0.7235,4
MAPE: 0.9657: 54,40,10,34,9,5,0.0007,0.3684,4
MAPE: 0.0676: 281,3,9,267,3,14,0.0007,0.5701,7
MAPE: 1000.0000: 280,23,5,166,7,18,0.0279,0.7568,3
MAPE: 1000.0000: 383,27,7,231,6,6,0.0128,0.4538,6
MAPE: 0.9657: 224,8,1,141,2,10,0.0929,0.4209,8
MAPE: 1000.0000: 231,23,4,413,9,7,0.0693,0.2299,3
MAPE: 1000.0000: 36,16,4,351,4,13,0.0711,0.3517,4
MAPE: 1000.0000: 391,49,4,339,9,5,0.0864,0.5989,4
MAPE: 1000.0000: 308,6,6,479,9,17,0.0726,0.0662,7
MAPE: 1000.0000: 365,50,3,241,8,10,0.0556,0.1776,1
MAPE: 1000.0000: 23,13,8,452,9,2,0.0589,0.3713,5
MAPE: 1000.0000: 79,31,5,280,8,4,0.0762,0.8835,7
MAPE: 1000.0000: 255,14,5,149,5,12,0.0674,0.9128,4
MAPE: 1000.0000: 293,50,6,338,10,3,0.0181,0.3587,4
MAPE: 1000.0000: 353,7,2,474,9,10,0.031,0.2111,9
MAPE: 1000.0000: 446,41,3,361,4,6,0.099,0.8959,1
MAPE: 1000.0000: 160,9,4,252,2,12,0.0768,0.4108,5
MAPE: 1000.0000: 214,20,8,316,10,8,0.0085,0.4771,2
MAPE: 1000.0000: 352,16,4,414,2,4,0.0956,0.4641,8
MAPE: 0.9657: 175,37,2,76,3,3,0.0726,0.4906,8
MAPE: 0.9657: 370,14,5,273,2,3,0.0268,0.0807,2
MAPE: 1000.0000: 104,43,9,214,6,10,0.061,0.4955,2
MAPE: 0.9657: 119,49,2,79,4,4,0.076,0.9146,7
MAPE: 1000.0000: 34,34,9,324,3,12,0.0916,0.7113,4
MAPE: 0.9657: 107,33,1,498,2,10,0.0444,0.243,3
MAPE: 1000.0000: 221,29,4,444,9,18,0.099,0.9782,8
MAPE: 1000.0000: 386,22,2,463,8,3,0.0901,0.0388,3
MAPE: 0.9657: 108,48,9,59,1,11,0.0149,0.1127,4
MAPE: 0.9657: 65,22,6,134,7,2,0.0026,0.6485,8
MAPE: 1000.0000: 386,46,5,169,3,18,0.0814,0.9379,6
MAPE: 1000.0000: 175,21,9,190,4,3,0.0542,0.6423,9
MAPE: 1000.0000: 119,36,10,274,5,2,0.0689,0.7704,7
MAPE: 1000.0000: 271,30,2,219,9,17,0.089,0.2899,2
MAPE: 0.9657: 130,21,3,328,3,17,0.0208,0.2157,5
MAPE: 1000.0000: 374,47,2,233,8,17,0.091,0.3556,5
MAPE: 1000.0000: 259,38,10,55,3,1,0.0319,0.1871,10
MAPE: 1000.0000: 377,36,2,437,7,18,0.0783,0.7485,6
MAPE: 0.9657: 351,30,4,298,1,13,0.0226,0.0359,6
MAPE: 0.9657: 132,44,3,215,1,7,0.0461,0.0289,1
MAPE: 1000.0000: 415,42,9,445,10,5,0.0532,0.0358,9
MAPE: 1000.0000: 478,10,8,126,2,1,0.0863,0.685,7
MAPE: 1000.0000: 392,32,4,231,5,2,0.0672,0.1205,3
MAPE: 1000.0000: 222,12,3,367,8,10,0.0067,0.0371,7
MAPE: 0.9657: 392,35,4,189,1,9,0.0381,0.7863,1
MAPE: 1000.0000: 104,4,8,482,4,19,0.0438,0.9287,5
MAPE: 1000.0000: 47,44,7,122,5,10,0.072,0.9665,4
MAPE: 2.3444: 413,21,10,2,5,2,0.0484,0.1344,2
MAPE: 0.9657: 203,50,2,18,2,3,0.0928,0.1293,6
MAPE: 1000.0000: 52,21,9,157,6,8,0.0625,0.3791,10
MAPE: 1000.0000: 274,7,6,159,10,4,0.0973,0.4061,8
MAPE: 1000.0000: 326,50,5,53,5,9,0.0758,0.5704,2
MAPE: 1000.0000: 221,30,6,154,6,3,0.0189,0.0848,2
MAPE: 1000.0000: 84,4,5,364,3,4,0.0851,0.3101,6
MAPE: 1000.0000: 265,16,5,296,10,17,0.0758,0.4665,4
MAPE: 1000.0000: 380,12,7,149,8,8,0.0977,0.1719,7
MAPE: 1000.0000: 282,19,5,408,2,5,0.0325,0.9821,10
MAPE: 0.9657: 16,3,1,474,6,8,0.0215,0.1857,7
MAPE: 1000.0000: 274,34,4,198,9,10,0.085,0.3414,4
MAPE: 1000.0000: 428,7,8,486,8,11,0.003,0.4034,6
MAPE: 1000.0000: 192,40,9,79,2,14,0.0656,0.4662,6
MAPE: 1000.0000: 38,46,7,129,8,8,0.0162,0.3305,8
MAPE: 0.9657: 402,44,6,404,3,4,0.0048,0.3895,9
MAPE: 1000.0000: 220,42,2,149,5,6,0.0713,0.8732,9
MAPE: 1000.0000: 249,41,7,216,6,11,0.0591,0.5638,6
MAPE: 6.2673: 323,21,1,31,9,11,0.0964,0.389,2
MAPE: 1000.0000: 314,4,5,423,8,7,0.0744,0.3215,10
MAPE: 1000.0000: 11,24,9,232,8,20,0.0528,0.1712,7
MAPE: 1000.0000: 190,7,9,358,6,18,0.0625,0.8946,10
MAPE: 1000.0000: 11,20,9,203,2,7,0.0381,0.5607,9
MAPE: 1000.0000: 479,30,2,366,8,8,0.043,0.0342,6
MAPE: 1000.0000: 460,9,2,435,6,12,0.0901,0.6818,9
MAPE: 1000.0000: 484,32,8,485,6,3,0.0279,0.2118,7
MAPE: 1000.0000: 218,44,7,179,2,18,0.0431,0.5789,5
MAPE: 0.9657: 176,25,2,78,5,19,0.0339,0.8303,8
MAPE: 1000.0000: 495,40,7,400,5,13,0.0607,0.6316,6
MAPE: 1000.0000: 221,14,7,107,10,5,0.0359,0.2428,1
MAPE: 0.9657: 65,34,6,175,8,19,0.0014,0.686,1
MAPE: 1000.0000: 109,19,7,260,8,3,0.0844,0.7009,7
MAPE: 1000.0000: 419,37,3,35,5,15,0.0949,0.7873,4
MAPE: 1000.0000: 462,42,9,453,7,17,0.0631,0.7188,9
MAPE: 0.0558: 135,13,2,58,1,19,0.0008,0.9975,9
Step: 0, min MAPE: 0.047611862, hyperparameter: [355.43762359810734, 43.32520864118169, 2.259863954179546, 85.52802989078523, 3.3003425610943236, 4.955473083854287, 0.011682563059482088, 0.6806904311433715, 6.984656028144507]
Data: 1, Round: 0, Step 1
MAPE: 0.0828: 53,42,5,124,1,20,0.0078,0.4365,8
MAPE: 0.0500: 432,21,5,156,5,16,0.002,0.2871,10
MAPE: 0.9657: 210,11,8,39,7,17,0.0012,0.8741,9
MAPE: 0.3022: 59,4,1,252,4,9,0.0157,0.8866,9
MAPE: 0.9657: 462,29,6,131,5,18,0.0088,0.2635,4
MAPE: 0.0507: 460,37,5,150,5,3,0.0023,0.3467,3
MAPE: 0.9657: 276,38,2,107,4,13,0.0243,0.1488,10
MAPE: 0.0512: 85,39,8,228,3,12,0.0006,0.7813,6
MAPE: 0.9657: 382,29,2,315,8,18,0.0087,0.3162,10
MAPE: 0.0538: 277,41,4,25,9,17,0.0024,0.5216,6
MAPE: 0.0539: 206,10,4,52,2,16,0.0072,0.1029,8
MAPE: 0.0535: 469,19,7,109,4,4,0.0004,0.41,9
MAPE: 0.0524: 308,14,5,168,3,10,0.0026,0.8159,2
MAPE: 0.9657: 153,8,5,439,2,14,0.0067,0.0491,2
MAPE: 0.0519: 93,27,9,108,3,15,0.0003,0.6063,5
MAPE: 0.0495: 116,44,1,255,4,9,0.0053,0.7846,1
MAPE: 1000.0000: 226,8,5,177,6,14,0.0103,0.0494,6
MAPE: 0.0495: 181,18,2,184,3,15,0.0117,0.6807,7
MAPE: 1000.0000: 281,3,9,267,4,14,0.0153,0.2276,7
MAPE: 0.0480: 135,41,2,58,1,2,0.0041,0.8006,9
Step: 1, min MAPE: 0.047611862, hyperparameter: [355.43762359810734, 43.32520864118169, 2.259863954179546, 85.52802989078523, 3.3003425610943236, 4.955473083854287, 0.011682563059482088, 0.6806904311433715, 6.984656028144507]
Data: 1, Round: 0, Step 2
MAPE: 0.0515: 210,28,4,124,1,20,0.0043,0.4365,4
MAPE: 0.9657: 432,21,5,156,5,16,0.0066,0.7025,10
MAPE: 0.2343: 241,12,5,10,7,17,0.0012,0.8741,9
MAPE: 1000.0000: 226,4,4,252,4,9,0.0157,0.4256,9
MAPE: 0.0522: 246,20,6,131,2,18,0.0002,0.0418,4
MAPE: 0.9657: 473,37,5,347,3,3,0.0036,0.1787,7
MAPE: 0.9657: 130,38,5,23,4,14,0.0243,0.1488,3
MAPE: 0.0481: 85,21,8,228,3,19,0.0006,0.7813,6
MAPE: 0.0500: 92,37,2,176,8,18,0.0006,0.3162,1
MAPE: 0.2022: 55,41,4,25,9,17,0.0077,0.5007,10
MAPE: 0.0579: 434,7,4,52,2,16,0.0042,0.4097,8
MAPE: 0.2018: 289,31,4,60,2,4,0.0004,0.5023,6
MAPE: 0.9657: 301,21,5,376,5,7,0.0037,0.8159,2
MAPE: 0.0512: 508,12,2,145,3,9,0.0067,0.6164,8
MAPE: 0.1432: 93,24,2,83,3,15,0.0079,0.6063,5
MAPE: 0.9657: 88,44,1,255,4,9,0.0117,0.2496,5
MAPE: 0.0549: 152,8,7,177,2,14,0.0014,0.0494,6
MAPE: 0.0528: 355,9,2,61,2,5,0.0117,0.6807,9
MAPE: 1000.0000: 225,8,9,267,2,14,0.011,0.5701,7
MAPE: 0.0520: 103,17,1,58,1,10,0.0041,0.5558,9
Step: 2, min MAPE: 0.047611862, hyperparameter: [355.43762359810734, 43.32520864118169, 2.259863954179546, 85.52802989078523, 3.3003425610943236, 4.955473083854287, 0.011682563059482088, 0.6806904311433715, 6.984656028144507]
