Data: 2, Round: 0, Step 0
MAPE: 1000.0000: 337,22,6,235,9,17,0.0808,0.9509,3
MAPE: 0.8092: 491,48,4,160,2,19,0.013,0.9818,5
MAPE: 1000.0000: 76,18,7,446,3,19,0.0321,0.1369,10
MAPE: 2.5874: 137,29,8,22,2,10,0.0788,0.8225,6
MAPE: 0.8092: 370,7,9,28,8,18,0.0742,0.626,1
MAPE: 1000.0000: 263,21,9,485,10,16,0.0623,0.1557,9
MAPE: 0.8092: 436,3,1,365,8,5,0.073,0.2823,6
MAPE: 1000.0000: 169,40,9,399,6,4,0.0097,0.2597,6
MAPE: 1000.0000: 239,29,7,123,5,16,0.0232,0.1366,7
MAPE: 0.8092: 129,22,1,135,9,16,0.044,0.768,8
MAPE: 0.8092: 130,21,2,474,2,8,0.0165,0.9433,8
MAPE: 1000.0000: 323,46,6,388,9,18,0.067,0.0193,2
MAPE: 1000.0000: 149,15,6,161,10,12,0.0861,0.6401,10
MAPE: 0.8092: 310,49,7,362,10,3,0.0008,0.9151,10
MAPE: 1000.0000: 366,45,2,380,4,11,0.0831,0.184,6
MAPE: 1000.0000: 461,40,4,379,3,7,0.0158,0.1708,9
MAPE: 1000.0000: 147,25,5,65,5,17,0.0487,0.67,5
MAPE: 1000.0000: 326,30,8,330,7,4,0.0843,0.3017,1
MAPE: 1000.0000: 217,3,7,496,5,6,0.0743,0.3622,8
MAPE: 1000.0000: 312,37,2,324,3,19,0.0738,0.8729,4
MAPE: 1000.0000: 284,13,5,316,9,2,0.0286,0.8014,6
MAPE: 1000.0000: 322,47,2,255,9,4,0.0145,0.7991,9
MAPE: 1000.0000: 180,49,4,235,6,5,0.0277,0.3952,10
MAPE: 1000.0000: 283,30,7,420,7,10,0.0031,0.3658,6
MAPE: 1000.0000: 217,26,7,475,1,8,0.0702,0.1,6
MAPE: 1000.0000: 333,12,2,294,5,2,0.0891,0.7167,2
MAPE: 1000.0000: 463,44,5,329,8,13,0.0783,0.9414,5
MAPE: 1000.0000: 310,33,4,207,8,10,0.0817,0.716,7
MAPE: 1000.0000: 276,45,2,361,5,5,0.0246,0.5248,5
MAPE: 1000.0000: 396,39,4,172,4,6,0.0549,0.4288,3
MAPE: 0.0461: 229,19,5,77,9,1,0.0086,0.2195,1
MAPE: 0.8092: 334,28,9,96,1,4,0.0267,0.7251,4
MAPE: 1000.0000: 59,27,9,391,7,7,0.0938,0.1823,10
MAPE: 1000.0000: 67,17,8,492,5,14,0.046,0.7688,3
MAPE: 0.8092: 371,2,3,471,2,15,0.0129,0.3958,9
MAPE: 1000.0000: 264,35,2,71,10,4,0.0862,0.9971,4
MAPE: 1000.0000: 78,12,3,417,6,9,0.0086,0.9266,5
MAPE: 0.1780: 263,50,3,8,10,2,0.0016,0.4604,6
MAPE: 0.8092: 205,23,4,160,1,13,0.0278,0.871,9
MAPE: 0.8092: 90,25,4,301,1,18,0.0739,0.5633,2
MAPE: 1000.0000: 337,32,4,74,5,6,0.0403,0.327,9
MAPE: 1000.0000: 220,29,8,403,7,17,0.0819,0.4808,3
MAPE: 1000.0000: 42,27,6,366,7,4,0.0487,0.7386,6
MAPE: 1000.0000: 189,7,6,169,7,14,0.0921,0.4816,2
MAPE: 1000.0000: 490,33,4,392,10,9,0.0865,0.2589,7
MAPE: 1000.0000: 504,44,4,183,4,11,0.0485,0.4944,2
MAPE: 1000.0000: 43,39,7,373,8,7,0.0888,0.8386,2
MAPE: 1000.0000: 410,42,7,376,1,5,0.0829,0.7783,8
MAPE: 1000.0000: 463,45,9,207,5,9,0.0787,0.2753,9
MAPE: 0.1784: 252,30,1,11,1,9,0.0272,0.7096,4
MAPE: 1000.0000: 205,20,7,363,10,20,0.0504,0.2765,1
MAPE: 0.0450: 275,21,6,61,6,13,0.0012,0.2905,9
MAPE: 1000.0000: 423,7,4,255,9,3,0.0617,0.1123,1
MAPE: 0.8092: 444,10,5,312,7,9,0.0042,0.8418,8
MAPE: 1000.0000: 149,24,4,463,6,6,0.0349,0.6404,8
MAPE: 1.2058: 482,36,5,15,4,10,0.038,0.0411,10
MAPE: 1000.0000: 241,10,7,40,5,19,0.0458,0.0098,10
MAPE: 2.5874: 99,45,9,137,9,19,0.0199,0.1605,2
MAPE: 0.4461: 412,9,5,14,3,11,0.0416,0.7126,9
MAPE: 1000.0000: 28,25,8,197,3,16,0.0181,0.177,1
MAPE: 1000.0000: 246,15,5,224,5,15,0.089,0.5716,9
MAPE: 1000.0000: 498,43,9,285,9,5,0.0331,0.6655,8
MAPE: 1000.0000: 469,28,9,452,4,17,0.0157,0.5167,5
MAPE: 0.8092: 386,18,4,342,1,13,0.0441,0.6441,1
MAPE: 1000.0000: 248,46,9,427,5,11,0.0221,0.1663,10
MAPE: 1000.0000: 196,8,3,430,9,4,0.0808,0.45,5
MAPE: 1000.0000: 357,1,9,212,9,7,0.094,0.4932,4
MAPE: 1000.0000: 247,13,4,15,6,2,0.0816,0.684,6
MAPE: 1000.0000: 216,27,10,193,1,3,0.0333,0.8194,7
MAPE: 1000.0000: 300,43,9,11,7,9,0.0735,0.419,4
MAPE: 1000.0000: 382,8,6,421,3,15,0.0221,0.4378,1
MAPE: 0.8092: 464,20,3,454,2,17,0.0107,0.7296,3
MAPE: 1000.0000: 485,26,6,30,6,6,0.098,0.8882,2
MAPE: 1000.0000: 371,41,8,247,3,7,0.0148,0.1686,7
MAPE: 1000.0000: 257,20,3,100,6,11,0.0254,0.8531,4
MAPE: 2.5874: 225,37,8,79,9,20,0.0499,0.0087,8
MAPE: 1000.0000: 427,16,8,246,8,5,0.0107,0.186,1
MAPE: 0.0446: 142,16,6,437,5,18,0.0011,0.5361,1
MAPE: 1000.0000: 261,21,4,208,9,14,0.012,0.4682,1
MAPE: 1000.0000: 503,30,8,483,7,7,0.0068,0.9829,8
MAPE: 1000.0000: 254,50,5,198,6,7,0.0658,0.547,9
MAPE: 1000.0000: 64,30,4,290,9,4,0.0418,0.0384,1
MAPE: 1000.0000: 275,30,8,306,2,13,0.0438,0.4576,6
MAPE: 0.0542: 260,34,7,189,9,14,0.0003,0.5145,10
MAPE: 0.8092: 229,17,2,292,3,13,0.0772,0.6617,10
MAPE: 1000.0000: 374,9,4,383,8,14,0.0763,0.2318,8
MAPE: 1000.0000: 367,50,3,496,7,18,0.0834,0.029,8
MAPE: 1000.0000: 98,26,10,416,2,14,0.0713,0.1282,6
MAPE: 1000.0000: 54,6,5,392,3,6,0.0244,0.6334,4
MAPE: 1000.0000: 242,20,7,77,5,16,0.0924,0.3719,2
MAPE: 1000.0000: 162,6,8,191,7,20,0.0824,0.999,9
MAPE: 1000.0000: 124,21,5,80,8,3,0.0378,0.1213,6
MAPE: 1000.0000: 167,47,5,242,7,10,0.0337,0.0274,10
MAPE: 1000.0000: 26,18,4,360,9,6,0.0185,0.3627,9
MAPE: 1000.0000: 477,16,7,73,2,19,0.0527,0.8414,7
MAPE: 1000.0000: 365,17,5,170,7,9,0.0069,0.1197,8
MAPE: 1000.0000: 75,36,8,464,2,12,0.0735,0.637,8
MAPE: 1000.0000: 399,29,8,312,2,9,0.0188,0.2025,4
MAPE: 1000.0000: 244,44,7,245,6,14,0.0241,0.7667,9
MAPE: 0.8092: 50,21,1,392,10,9,0.0187,0.6716,2
MAPE: 1000.0000: 90,7,8,495,6,13,0.0602,0.7177,6
MAPE: 1000.0000: 267,6,8,477,8,4,0.0913,0.3969,7
MAPE: 1000.0000: 349,27,5,239,9,8,0.0468,0.9659,5
MAPE: 0.8092: 457,6,3,325,6,11,0.0054,0.617,10
MAPE: 0.8092: 182,49,4,198,2,6,0.0165,0.8038,10
MAPE: 0.8092: 155,50,3,320,2,6,0.0365,0.3123,6
MAPE: 0.8092: 147,43,3,21,3,2,0.0702,0.4922,7
MAPE: 1000.0000: 417,29,9,268,8,7,0.0056,0.8981,2
MAPE: 1000.0000: 236,27,3,364,8,17,0.0301,0.5849,5
MAPE: 1000.0000: 324,33,6,359,6,17,0.0509,0.3952,7
MAPE: 1000.0000: 88,44,3,249,4,4,0.0995,0.2019,3
MAPE: 1000.0000: 200,7,3,304,9,6,0.0676,0.3425,7
MAPE: 1000.0000: 79,26,5,491,8,9,0.0436,0.4488,4
MAPE: 0.8092: 54,39,7,22,6,13,0.017,0.2701,2
MAPE: 1000.0000: 138,49,5,323,3,16,0.0744,0.4907,5
MAPE: 1000.0000: 504,35,9,116,9,11,0.097,0.9586,4
MAPE: 0.8092: 190,17,1,459,1,2,0.0832,0.8872,3
MAPE: 0.0435: 60,15,4,169,4,6,0.0034,0.911,9
MAPE: 1000.0000: 61,37,8,76,3,15,0.0878,0.2325,8
MAPE: 1000.0000: 467,41,4,235,10,19,0.0767,0.1648,1
MAPE: 1000.0000: 368,4,2,189,8,13,0.0431,0.2232,6
MAPE: 1000.0000: 458,42,2,451,5,18,0.0338,0.6043,8
MAPE: 1000.0000: 340,38,10,361,3,3,0.0485,0.961,8
MAPE: 1000.0000: 406,34,7,159,3,10,0.0208,0.2531,3
MAPE: 0.8092: 67,33,1,400,3,4,0.0233,0.4176,7
MAPE: 0.0487: 393,8,3,99,7,5,0.0027,0.6407,1
MAPE: 1000.0000: 372,34,3,299,7,8,0.0131,0.3044,5
MAPE: 1000.0000: 314,28,10,331,5,7,0.0606,0.7149,8
MAPE: 0.0427: 52,38,6,328,3,10,0.0004,0.3532,7
MAPE: 1000.0000: 139,12,7,139,5,14,0.0538,0.4683,8
MAPE: 1000.0000: 39,22,4,233,4,18,0.0278,0.7059,6
MAPE: 1000.0000: 282,35,3,332,2,2,0.0701,0.0401,5
MAPE: 1000.0000: 46,44,5,341,10,4,0.0947,0.0471,8
MAPE: 0.8092: 389,7,9,17,6,10,0.0251,0.8767,5
MAPE: 0.8967: 207,35,3,16,1,17,0.0917,0.4198,9
MAPE: 1000.0000: 424,24,9,81,7,11,0.0415,0.9483,8
MAPE: 1000.0000: 208,46,3,47,8,14,0.0651,0.7647,9
MAPE: 1000.0000: 166,17,9,335,5,15,0.049,0.5345,4
MAPE: 1000.0000: 240,8,4,289,2,12,0.0666,0.2653,5
MAPE: 1000.0000: 117,27,3,481,4,15,0.0508,0.03,8
MAPE: 0.8092: 180,6,4,170,3,12,0.0067,0.0576,3
MAPE: 0.8092: 227,46,1,172,2,10,0.0369,0.1632,3
MAPE: 1000.0000: 346,27,9,258,8,16,0.0354,0.7804,8
MAPE: 1000.0000: 396,28,7,241,10,3,0.0701,0.4626,4
MAPE: 0.0476: 316,17,10,29,2,7,0.013,0.8432,3
MAPE: 1000.0000: 489,22,8,298,2,13,0.0117,0.7544,6
MAPE: 1000.0000: 495,43,10,294,6,7,0.0579,0.5987,7
MAPE: 1000.0000: 227,41,5,49,10,10,0.095,0.4167,1
MAPE: 1000.0000: 336,14,4,279,6,3,0.0274,0.0573,4
MAPE: 1000.0000: 16,7,2,300,8,19,0.0636,0.8625,8
MAPE: 0.8092: 148,14,8,306,1,15,0.0236,0.7005,9
MAPE: 1000.0000: 247,23,5,297,7,14,0.0406,0.6506,9
MAPE: 1000.0000: 27,33,2,91,10,16,0.0356,0.7702,9
MAPE: 0.0497: 196,10,1,349,1,1,0.0386,0.4874,5
MAPE: 0.8092: 489,28,2,312,3,4,0.0073,0.087,6
MAPE: 1000.0000: 249,10,3,327,6,10,0.053,0.6397,5
MAPE: 1000.0000: 53,28,3,44,10,14,0.0783,0.7847,7
MAPE: 2.5874: 499,44,6,28,9,20,0.0332,0.8405,7
MAPE: 1000.0000: 31,35,9,348,6,14,0.003,0.0049,8
MAPE: 0.3104: 197,38,3,7,2,6,0.0755,0.9137,4
MAPE: 1000.0000: 359,43,1,268,9,2,0.0736,0.1083,4
MAPE: 1000.0000: 415,39,2,322,8,4,0.041,0.176,7
MAPE: 1000.0000: 368,8,3,422,7,5,0.0778,0.4412,5
MAPE: 1000.0000: 43,13,3,134,4,20,0.071,0.2697,9
MAPE: 1000.0000: 223,43,6,389,9,17,0.0289,0.5911,8
MAPE: 1000.0000: 50,3,7,405,7,8,0.0414,0.1523,7
MAPE: 1000.0000: 285,7,4,455,9,12,0.0249,0.7884,5
MAPE: 0.8092: 415,35,1,440,1,18,0.0593,0.1431,3
MAPE: 1000.0000: 490,8,4,249,6,17,0.0097,0.0463,8
MAPE: 1000.0000: 234,13,8,138,8,17,0.0571,0.422,6
MAPE: 1000.0000: 229,34,2,464,4,17,0.0788,0.772,10
MAPE: 1000.0000: 388,49,4,247,5,12,0.0167,0.3,9
MAPE: 1000.0000: 308,12,5,446,4,5,0.0223,0.3983,3
MAPE: 1000.0000: 177,23,6,199,8,8,0.025,0.6034,8
MAPE: 1000.0000: 197,28,10,440,5,7,0.0702,0.7989,4
MAPE: 1000.0000: 31,25,8,287,1,18,0.097,0.1934,3
MAPE: 1000.0000: 378,40,9,445,2,8,0.086,0.6504,4
MAPE: 0.8092: 51,25,1,398,4,16,0.0107,0.2905,8
MAPE: 1000.0000: 89,3,5,437,7,5,0.077,0.4742,7
MAPE: 1000.0000: 97,18,6,465,7,8,0.0071,0.0797,3
MAPE: 1000.0000: 444,35,9,139,3,6,0.053,0.9033,7
MAPE: 1000.0000: 339,1,7,153,7,6,0.0273,0.5354,9
MAPE: 1000.0000: 328,31,3,463,4,15,0.0704,0.9405,3
MAPE: 1000.0000: 59,28,6,233,5,14,0.0941,0.549,2
MAPE: 1000.0000: 447,40,8,89,5,13,0.0487,0.7408,8
MAPE: 1000.0000: 54,5,3,377,5,13,0.0616,0.3101,4
MAPE: 1000.0000: 448,38,5,215,2,19,0.0787,0.8404,1
MAPE: 1000.0000: 326,49,9,302,7,7,0.0798,0.0096,5
MAPE: 1000.0000: 75,17,7,60,4,9,0.0758,0.1156,5
MAPE: 1000.0000: 117,16,2,172,9,20,0.0862,0.9914,3
MAPE: 1000.0000: 52,48,5,38,9,16,0.0862,0.2713,8
MAPE: 1000.0000: 462,40,5,66,7,18,0.0629,0.7053,2
MAPE: 0.8092: 503,1,4,284,4,12,0.0046,0.0341,3
MAPE: 1000.0000: 293,33,8,418,3,18,0.0084,0.8283,9
MAPE: 0.8092: 500,37,7,97,5,12,0.0061,0.9704,4
MAPE: 0.8092: 460,31,6,37,2,10,0.0674,0.9548,9
MAPE: 1000.0000: 129,10,7,387,8,6,0.053,0.3182,3
MAPE: 1000.0000: 49,26,3,436,9,5,0.0831,0.0879,1
MAPE: 0.8092: 266,11,4,153,1,9,0.0456,0.8572,8
MAPE: 0.1863: 211,17,2,7,5,14,0.0112,0.2969,3
MAPE: 1000.0000: 108,1,6,291,8,14,0.0785,0.6272,10
MAPE: 1000.0000: 403,37,7,465,8,10,0.0425,0.9569,6
MAPE: 0.8092: 279,1,8,22,3,3,0.0246,0.8026,6
MAPE: 1000.0000: 197,25,10,368,5,7,0.0254,0.1148,4
MAPE: 1000.0000: 88,14,6,168,10,2,0.077,0.9885,2
MAPE: 1000.0000: 202,38,6,163,2,3,0.0481,0.3723,8
MAPE: 0.8092: 286,4,1,73,4,4,0.0774,0.1175,5
MAPE: 1000.0000: 66,26,6,259,7,8,0.0378,0.6558,6
MAPE: 1000.0000: 392,4,6,174,8,3,0.0581,0.8558,4
MAPE: 1000.0000: 247,30,7,312,3,14,0.051,0.6371,5
MAPE: 1000.0000: 205,31,8,373,2,8,0.0213,0.7018,2
MAPE: 1000.0000: 307,44,5,377,7,11,0.0797,0.2323,2
MAPE: 0.0431: 226,35,3,96,2,19,0.0082,0.861,7
MAPE: 1000.0000: 205,4,6,459,9,16,0.0383,0.5183,2
MAPE: 1000.0000: 395,21,7,377,4,5,0.0984,0.7617,9
MAPE: 1000.0000: 415,41,6,327,3,7,0.0266,0.1711,2
MAPE: 1000.0000: 381,10,8,353,8,10,0.0572,0.0609,5
MAPE: 1000.0000: 127,45,5,237,6,2,0.072,0.257,7
MAPE: 0.0453: 206,39,2,32,4,17,0.0019,0.3715,5
MAPE: 1000.0000: 312,39,9,64,4,7,0.0323,0.495,4
MAPE: 1000.0000: 388,28,4,139,6,1,0.0522,0.6021,9
MAPE: 1000.0000: 88,15,2,230,9,2,0.0996,0.6203,7
MAPE: 0.8092: 463,27,4,388,3,13,0.0119,0.934,2
MAPE: 1000.0000: 94,49,6,93,7,1,0.077,0.812,4
MAPE: 1000.0000: 365,38,2,400,10,16,0.0951,0.4217,4
MAPE: 0.8092: 375,6,8,9,2,10,0.0632,0.3884,6
MAPE: 0.8092: 231,27,1,418,3,12,0.0353,0.7784,3
MAPE: 1000.0000: 118,27,7,72,4,12,0.0217,0.149,4
MAPE: 1000.0000: 505,17,9,313,5,19,0.0497,0.9868,3
MAPE: 1000.0000: 361,39,7,437,6,15,0.0044,0.4241,6
MAPE: 2.5874: 313,4,8,4,10,12,0.0157,0.7752,1
MAPE: 1000.0000: 182,38,9,240,4,16,0.0976,0.2325,8
MAPE: 0.8092: 116,40,3,16,7,11,0.0227,0.771,9
MAPE: 0.8092: 321,22,6,58,9,12,0.0161,0.9917,9
MAPE: 1000.0000: 495,12,3,220,5,13,0.0758,0.7654,9
MAPE: 1000.0000: 246,42,7,416,4,5,0.0142,0.33,7
MAPE: 1000.0000: 140,29,3,446,7,10,0.0052,0.7636,10
MAPE: 1000.0000: 335,14,2,132,4,5,0.0856,0.0994,5
MAPE: 1000.0000: 107,15,3,227,6,15,0.0823,0.8107,9
MAPE: 1000.0000: 389,26,6,107,7,19,0.0997,0.9204,9
MAPE: 1000.0000: 303,16,4,480,8,10,0.0452,0.463,9
MAPE: 2.5874: 231,29,9,13,4,12,0.0442,0.7165,9
MAPE: 1000.0000: 110,42,8,394,5,10,0.087,0.2291,7
MAPE: 1000.0000: 46,42,5,493,5,14,0.0408,0.3231,6
MAPE: 0.8092: 88,17,1,115,9,15,0.0388,0.9323,7
MAPE: 1000.0000: 163,30,7,167,6,14,0.0525,0.895,4
MAPE: 1000.0000: 59,41,10,306,7,17,0.0427,0.9177,10
MAPE: 1000.0000: 19,42,2,330,9,6,0.0157,0.1394,7
MAPE: 0.8092: 376,30,2,396,2,18,0.0132,0.5431,4
MAPE: 1000.0000: 107,7,7,495,10,9,0.0198,0.9538,6
MAPE: 1000.0000: 79,29,4,172,5,4,0.0184,0.0368,8
MAPE: 0.8092: 245,38,2,132,1,12,0.0352,0.9928,8
MAPE: 0.8092: 138,10,4,103,2,7,0.0622,0.2128,2
MAPE: 0.8092: 17,3,3,49,2,18,0.0761,0.4349,6
MAPE: 1000.0000: 325,34,10,442,9,11,0.0637,0.1566,3
MAPE: 1000.0000: 502,26,9,444,9,4,0.0077,0.1165,8
MAPE: 0.9095: 403,47,3,2,7,14,0.0862,0.8545,8
MAPE: 1000.0000: 148,38,4,318,2,5,0.0549,0.3692,9
MAPE: 0.8092: 219,20,3,37,2,13,0.0207,0.9479,8
MAPE: 0.8092: 59,31,2,19,7,4,0.0688,0.7241,8
MAPE: 0.8092: 130,33,5,262,1,19,0.0212,0.1349,4
MAPE: 1000.0000: 305,36,9,331,5,4,0.0182,0.3042,4
MAPE: 1000.0000: 75,12,8,200,9,6,0.0652,0.0306,6
MAPE: 1000.0000: 470,12,9,344,2,1,0.017,0.4325,8
MAPE: 0.2472: 111,7,2,161,3,8,0.007,0.8137,4
MAPE: 1000.0000: 267,17,4,214,7,16,0.0447,0.4405,7
MAPE: 1000.0000: 425,31,4,367,7,18,0.0136,0.478,4
MAPE: 1000.0000: 121,1,8,331,4,19,0.0028,0.7761,8
MAPE: 1000.0000: 63,29,8,12,4,10,0.0953,0.1873,2
MAPE: 0.8092: 264,31,1,333,8,14,0.0087,0.4056,8
MAPE: 0.8092: 403,8,1,327,5,4,0.031,0.3411,5
MAPE: 1000.0000: 175,33,7,416,8,18,0.0588,0.4166,9
MAPE: 1000.0000: 511,12,7,459,3,5,0.0899,0.2977,9
MAPE: 1000.0000: 170,31,8,76,2,1,0.0963,0.1075,7
MAPE: 1000.0000: 306,35,6,361,5,10,0.0252,0.0121,3
MAPE: 1000.0000: 418,46,7,278,3,19,0.0878,0.5174,4
MAPE: 1000.0000: 466,23,5,343,6,18,0.068,0.1835,9
MAPE: 1000.0000: 190,4,10,254,2,8,0.0531,0.7116,2
MAPE: 1000.0000: 231,3,7,209,9,16,0.0364,0.9357,2
MAPE: 1000.0000: 84,18,10,445,5,16,0.0735,0.1607,5
MAPE: 1000.0000: 225,45,7,81,3,8,0.0728,0.1561,5
MAPE: 1000.0000: 328,8,3,452,9,13,0.0142,0.0935,3
MAPE: 0.8092: 245,29,5,94,7,19,0.0073,0.099,6
MAPE: 0.8092: 375,33,4,213,1,7,0.0723,0.2155,4
MAPE: 1000.0000: 155,35,2,279,4,7,0.0917,0.0261,3
MAPE: 0.8092: 199,41,2,324,1,17,0.055,0.3791,8
MAPE: 1000.0000: 501,44,6,221,6,10,0.0635,0.9462,5
MAPE: 1000.0000: 510,9,8,471,10,10,0.0094,0.6417,6
MAPE: 0.9415: 107,20,4,3,5,10,0.0913,0.6536,4
MAPE: 1000.0000: 444,27,7,154,3,6,0.0166,0.7082,3
MAPE: 1000.0000: 222,47,10,244,5,9,0.0277,0.2408,8
MAPE: 1000.0000: 50,18,8,467,8,12,0.0377,0.4835,5
MAPE: 1000.0000: 228,34,4,344,3,12,0.0935,0.2623,8
MAPE: 1000.0000: 106,43,9,490,5,4,0.0092,0.1574,10
MAPE: 1000.0000: 87,13,2,180,4,5,0.0692,0.4528,6
MAPE: 1000.0000: 512,17,3,466,3,9,0.0712,0.7923,9
MAPE: 1000.0000: 70,17,8,51,5,4,0.0954,0.4936,3
MAPE: 1000.0000: 167,10,7,225,5,11,0.0094,0.0124,5
MAPE: 1000.0000: 147,24,10,403,9,18,0.0784,0.0397,5
MAPE: 0.8092: 450,18,4,304,5,2,0.004,0.8548,6
MAPE: 1000.0000: 296,47,8,57,2,11,0.0516,0.9727,6
MAPE: 0.7840: 312,16,4,11,2,15,0.098,0.9863,9
MAPE: 1000.0000: 423,42,9,182,3,5,0.0106,0.2247,7
MAPE: 1000.0000: 181,42,6,437,6,17,0.0764,0.7831,7
MAPE: 1000.0000: 369,34,3,385,7,11,0.0687,0.5033,5
MAPE: 1000.0000: 481,21,5,434,9,20,0.0545,0.5987,6
MAPE: 1000.0000: 128,50,8,327,7,6,0.0573,0.2068,7
MAPE: 0.8092: 334,32,7,7,8,7,0.034,0.1612,2
MAPE: 0.8092: 434,18,10,29,8,18,0.0401,0.3425,3
MAPE: 0.8092: 460,23,5,476,1,13,0.0807,0.2047,3
MAPE: 1000.0000: 204,5,7,166,9,18,0.0364,0.0574,2
MAPE: 1000.0000: 458,16,2,368,9,19,0.0447,0.3225,1
MAPE: 0.8092: 116,14,3,416,9,2,0.0057,0.4236,9
MAPE: 1000.0000: 317,5,8,354,10,15,0.0283,0.137,6
MAPE: 0.8092: 358,5,5,82,7,3,0.0118,0.8162,9
MAPE: 0.8092: 21,31,10,12,10,5,0.0146,0.206,4
MAPE: 1000.0000: 466,4,5,54,7,8,0.0382,0.4729,5
MAPE: 1000.0000: 97,9,2,246,9,6,0.0178,0.749,5
MAPE: 1000.0000: 225,48,8,122,10,5,0.0474,0.2435,5
MAPE: 1000.0000: 220,47,3,368,6,11,0.0307,0.5963,5
MAPE: 1000.0000: 118,24,2,293,7,7,0.043,0.0732,5
MAPE: 1000.0000: 110,5,7,335,6,3,0.037,0.2341,2
MAPE: 1000.0000: 417,7,6,235,10,1,0.0548,0.7537,7
MAPE: 1000.0000: 91,19,7,470,4,18,0.0947,0.7969,3
MAPE: 1000.0000: 179,20,7,233,3,10,0.0227,0.3964,6
MAPE: 1000.0000: 266,22,8,477,7,8,0.0887,0.8691,7
MAPE: 1000.0000: 51,19,3,196,5,1,0.0416,0.7446,4
MAPE: 1000.0000: 94,49,6,123,4,5,0.0567,0.7733,5
MAPE: 1000.0000: 361,40,5,152,4,8,0.0129,0.4479,7
MAPE: 1000.0000: 482,19,9,382,4,9,0.0682,0.4477,3
MAPE: 1000.0000: 142,16,4,348,7,18,0.0817,0.3339,10
MAPE: 1000.0000: 345,26,2,201,8,20,0.075,0.1084,9
MAPE: 0.8092: 405,14,3,390,1,18,0.027,0.9503,7
MAPE: 1000.0000: 287,37,10,315,4,14,0.0347,0.0722,7
MAPE: 0.1813: 334,33,1,19,3,5,0.055,0.346,6
MAPE: 2.5874: 359,19,9,35,8,16,0.0826,0.0496,1
MAPE: 0.1612: 316,20,4,93,9,5,0.0052,0.4634,8
MAPE: 1000.0000: 198,27,9,431,2,4,0.0919,0.9505,9
MAPE: 1000.0000: 143,45,8,466,4,4,0.0851,0.756,8
MAPE: 1000.0000: 52,49,7,316,8,10,0.0029,0.7138,2
MAPE: 1000.0000: 112,20,2,170,7,8,0.0723,0.5612,6
MAPE: 0.8092: 498,31,4,375,1,2,0.0352,0.2969,8
MAPE: 1000.0000: 349,22,4,198,8,10,0.0389,0.6071,9
MAPE: 1000.0000: 169,14,8,439,8,4,0.0884,0.3954,6
MAPE: 1000.0000: 298,34,8,288,4,4,0.0252,0.0075,5
MAPE: 0.8092: 482,23,8,138,10,17,0.0102,0.4453,1
MAPE: 1000.0000: 354,46,7,481,2,11,0.0812,0.6702,1
MAPE: 1000.0000: 465,41,7,271,8,10,0.062,0.4724,5
MAPE: 1000.0000: 134,30,4,481,7,4,0.0411,0.8611,9
MAPE: 1000.0000: 466,13,8,466,4,2,0.0336,0.3688,8
MAPE: 1000.0000: 38,44,7,383,7,13,0.0314,0.3127,7
MAPE: 0.8092: 278,20,1,398,6,17,0.0606,0.6624,8
MAPE: 1000.0000: 128,47,9,409,9,16,0.0399,0.2992,6
MAPE: 0.8092: 391,4,2,146,9,14,0.0109,0.6068,10
MAPE: 0.1435: 393,44,5,35,8,4,0.0032,0.5343,8
MAPE: 1000.0000: 28,15,6,438,5,6,0.0198,0.3301,6
MAPE: 1000.0000: 464,3,4,381,5,8,0.0558,0.4784,8
MAPE: 0.8092: 100,39,4,249,5,9,0.0038,0.6188,7
MAPE: 1000.0000: 343,48,5,197,5,13,0.0689,0.962,6
MAPE: 1000.0000: 427,27,3,390,7,6,0.0337,0.5653,1
MAPE: 1000.0000: 392,18,5,280,4,8,0.0196,0.1362,2
MAPE: 1000.0000: 421,41,10,140,3,20,0.0333,0.5003,8
MAPE: 1000.0000: 482,26,5,299,5,14,0.049,0.3126,9
MAPE: 1000.0000: 103,22,5,413,9,17,0.03,0.1009,10
MAPE: 0.8092: 472,42,3,202,1,13,0.0503,0.9387,3
MAPE: 1000.0000: 220,2,8,236,9,13,0.0318,0.6032,10
MAPE: 1000.0000: 274,26,9,203,8,20,0.054,0.1833,3
MAPE: 1000.0000: 411,46,7,360,3,4,0.0331,0.7153,3
MAPE: 1000.0000: 316,36,2,280,7,4,0.0955,0.3492,2
MAPE: 1000.0000: 345,19,6,157,2,13,0.0338,0.1934,9
MAPE: 2.5874: 280,14,8,34,9,2,0.0193,0.4912,7
MAPE: 0.1529: 420,18,7,28,3,8,0.0038,0.1904,10
MAPE: 0.4580: 504,5,2,110,2,5,0.0161,0.7653,4
MAPE: 1000.0000: 401,15,9,411,2,9,0.0844,0.556,9
MAPE: 0.8092: 209,16,1,63,8,12,0.0814,0.3908,2
MAPE: 1000.0000: 180,3,5,252,8,3,0.0888,0.2968,3
MAPE: 1000.0000: 427,8,8,485,8,14,0.0315,0.2997,6
MAPE: 1000.0000: 402,18,10,342,5,14,0.0214,0.3363,5
MAPE: 0.9175: 84,14,5,5,8,12,0.011,0.2814,6
MAPE: 1000.0000: 433,13,7,315,2,3,0.0704,0.1795,5
MAPE: 0.8092: 76,8,5,109,6,4,0.0064,0.8189,2
MAPE: 0.8092: 161,28,2,478,2,5,0.0234,0.7453,8
MAPE: 0.8092: 335,38,4,357,1,6,0.0961,0.5601,4
MAPE: 1000.0000: 128,21,10,378,2,3,0.066,0.0847,2
MAPE: 1000.0000: 480,13,8,129,8,1,0.0155,0.1122,7
MAPE: 0.8092: 481,18,1,285,4,18,0.0757,0.4901,9
MAPE: 1000.0000: 491,35,8,130,2,13,0.0404,0.1328,7
MAPE: 1000.0000: 189,42,7,303,4,4,0.0588,0.352,3
MAPE: 1000.0000: 90,1,5,306,9,16,0.0148,0.6515,9
MAPE: 0.8092: 126,39,6,137,7,3,0.0061,0.1439,4
MAPE: 1000.0000: 87,3,7,224,4,13,0.0304,0.7645,8
MAPE: 1000.0000: 433,38,7,340,7,12,0.0425,0.5173,9
MAPE: 1000.0000: 161,41,3,225,4,13,0.0345,0.1742,7
MAPE: 1000.0000: 162,8,5,151,3,8,0.0521,0.5127,6
MAPE: 0.8092: 167,23,10,63,10,13,0.0886,0.6446,6
MAPE: 1000.0000: 200,44,7,408,6,17,0.0634,0.8365,6
MAPE: 1000.0000: 246,5,3,282,9,8,0.0733,0.168,8
MAPE: 1000.0000: 264,43,4,366,6,2,0.0467,0.445,10
MAPE: 0.8092: 187,27,5,84,1,5,0.0671,0.4561,4
MAPE: 1000.0000: 310,27,4,182,6,14,0.0601,0.8656,8
MAPE: 0.8092: 44,6,5,123,5,4,0.0131,0.8742,4
MAPE: 1000.0000: 337,49,4,325,5,1,0.0132,0.2973,5
MAPE: 1000.0000: 28,12,4,350,5,4,0.0178,0.9579,5
MAPE: 1000.0000: 267,36,5,132,5,9,0.0934,0.7628,9
MAPE: 1000.0000: 403,28,7,211,8,18,0.0055,0.2934,3
MAPE: 1000.0000: 78,45,2,225,4,19,0.0476,0.4397,9
MAPE: 1000.0000: 477,30,6,297,5,7,0.0974,0.2637,9
MAPE: 1000.0000: 425,42,4,339,5,2,0.0802,0.9565,6
MAPE: 1000.0000: 373,12,9,405,10,4,0.0148,0.4507,4
MAPE: 1000.0000: 155,48,7,206,9,7,0.0681,0.7645,4
MAPE: 1000.0000: 235,49,3,463,6,20,0.0304,0.6852,10
MAPE: 1000.0000: 360,16,8,492,5,8,0.0544,0.6181,6
MAPE: 0.8092: 52,35,2,135,2,14,0.036,0.48,3
MAPE: 1000.0000: 390,41,9,275,3,1,0.0745,0.6645,7
MAPE: 0.0742: 280,3,2,257,5,8,0.0061,0.4201,5
MAPE: 1000.0000: 234,13,5,314,9,17,0.0489,0.4366,6
MAPE: 1000.0000: 222,9,5,497,2,19,0.0309,0.5489,2
MAPE: 1000.0000: 38,48,9,352,7,20,0.0086,0.0609,3
MAPE: 1000.0000: 324,16,4,243,5,10,0.0667,0.2754,2
MAPE: 1000.0000: 455,44,10,480,3,13,0.0143,0.0962,8
MAPE: 1000.0000: 64,40,4,399,8,8,0.0288,0.3531,2
MAPE: 0.8092: 134,8,1,30,9,11,0.0881,0.9988,7
MAPE: 2.5874: 151,41,3,64,4,15,0.0093,0.191,9
MAPE: 0.8092: 325,16,2,336,4,4,0.0133,0.3331,10
MAPE: 0.2073: 212,32,7,47,6,4,0.0108,0.5628,6
MAPE: 1000.0000: 89,5,7,344,1,16,0.0578,0.8734,7
MAPE: 0.8092: 160,6,2,463,2,19,0.0493,0.8286,1
MAPE: 1000.0000: 400,9,4,459,8,19,0.0596,0.568,3
MAPE: 1000.0000: 99,42,2,452,8,3,0.039,0.1897,5
MAPE: 1000.0000: 106,22,4,167,9,13,0.0203,0.651,5
MAPE: 1000.0000: 242,48,2,333,7,16,0.032,0.2266,6
MAPE: 1000.0000: 315,31,5,256,6,14,0.0697,0.007,2
MAPE: 1000.0000: 211,22,9,489,1,11,0.061,0.7278,6
MAPE: 1000.0000: 61,12,9,139,5,18,0.0077,0.6697,2
MAPE: 0.8092: 153,8,5,399,2,16,0.0093,0.9697,4
MAPE: 0.8092: 80,12,1,172,6,4,0.0877,0.0716,7
MAPE: 1000.0000: 20,33,5,357,2,15,0.0373,0.2884,10
MAPE: 1000.0000: 203,2,9,347,6,13,0.0987,0.5124,9
MAPE: 2.5874: 115,19,7,19,8,6,0.0696,0.4122,9
MAPE: 1000.0000: 421,36,3,301,7,18,0.0928,0.0065,3
MAPE: 1000.0000: 121,38,10,111,5,2,0.0369,0.7903,8
MAPE: 0.8092: 418,40,2,210,1,2,0.0901,0.8684,6
MAPE: 1000.0000: 232,43,4,212,4,14,0.0214,0.9095,5
MAPE: 0.8092: 15,6,10,148,4,2,0.0067,0.7842,5
MAPE: 1000.0000: 468,49,3,292,7,17,0.0417,0.0642,1
MAPE: 0.1336: 209,9,2,14,9,6,0.0244,0.9843,7
MAPE: 1000.0000: 114,20,10,184,9,10,0.0541,0.2909,3
MAPE: 0.8092: 472,6,3,332,4,20,0.0156,0.1364,3
MAPE: 1000.0000: 253,18,9,229,3,19,0.024,0.7613,2
MAPE: 1000.0000: 233,22,4,191,10,2,0.037,0.9564,8
MAPE: 1000.0000: 64,24,2,333,9,15,0.0712,0.6666,9
MAPE: 1000.0000: 404,16,3,285,10,18,0.0367,0.9379,5
MAPE: 1000.0000: 250,11,9,284,5,11,0.0179,0.0644,7
MAPE: 1000.0000: 270,36,3,438,8,17,0.0946,0.9036,5
MAPE: 1000.0000: 460,40,4,454,2,16,0.0574,0.8058,9
MAPE: 1000.0000: 321,8,5,234,3,2,0.0375,0.0035,3
MAPE: 1000.0000: 194,10,7,318,5,5,0.0264,0.629,9
MAPE: 1000.0000: 67,4,1,340,10,19,0.0425,0.9118,2
MAPE: 1000.0000: 141,29,7,50,3,15,0.047,0.4046,8
MAPE: 1000.0000: 159,14,5,161,10,9,0.0867,0.4278,5
MAPE: 0.8092: 387,31,1,298,6,16,0.0685,0.0124,8
MAPE: 1000.0000: 492,3,9,170,10,15,0.052,0.2334,4
MAPE: 0.3480: 224,12,1,8,8,13,0.0286,0.4514,1
MAPE: 0.1464: 447,18,3,278,6,13,0.0003,0.0288,3
MAPE: 1000.0000: 102,13,6,343,8,14,0.0971,0.9136,9
MAPE: 1000.0000: 495,4,2,311,3,15,0.0974,0.8669,2
MAPE: 1000.0000: 186,6,4,345,8,5,0.0273,0.5499,4
MAPE: 1000.0000: 30,15,9,319,9,17,0.0838,0.679,9
MAPE: 1000.0000: 417,21,9,342,8,7,0.0164,0.2266,7
MAPE: 2.5874: 394,21,1,29,1,18,0.063,0.5109,3
MAPE: 1000.0000: 304,37,5,141,2,6,0.0839,0.0184,8
MAPE: 1000.0000: 183,6,7,346,3,16,0.0643,0.1206,3
MAPE: 1000.0000: 15,4,8,446,3,6,0.0933,0.8087,2
MAPE: 1000.0000: 151,27,8,270,7,12,0.0557,0.5904,9
MAPE: 1000.0000: 72,16,6,178,2,5,0.0864,0.9877,5
MAPE: 1000.0000: 381,26,9,93,4,13,0.042,0.0161,5
MAPE: 1000.0000: 400,8,4,261,4,9,0.0834,0.4205,3
MAPE: 1000.0000: 308,13,2,339,7,12,0.078,0.7329,1
MAPE: 1000.0000: 65,2,3,125,9,2,0.0354,0.198,4
MAPE: 0.8092: 244,33,4,276,2,9,0.0345,0.7472,3
MAPE: 1000.0000: 187,38,7,311,1,12,0.0663,0.6944,10
MAPE: 0.8092: 209,10,4,355,3,15,0.0077,0.2572,3
MAPE: 0.8092: 349,40,6,390,1,17,0.031,0.5267,1
MAPE: 0.8092: 502,40,4,206,1,19,0.0658,0.7411,3
MAPE: 1000.0000: 50,11,9,17,2,14,0.0994,0.7802,10
MAPE: 1000.0000: 232,24,3,125,4,8,0.0797,0.7031,2
MAPE: 1000.0000: 302,21,4,227,5,14,0.0761,0.0559,9
MAPE: 1000.0000: 220,10,8,83,5,3,0.0837,0.411,2
MAPE: 0.8092: 149,4,5,468,2,4,0.0108,0.7688,1
MAPE: 2.5874: 158,7,3,48,4,8,0.055,0.3513,9
MAPE: 1000.0000: 447,45,3,150,5,14,0.0387,0.5814,5
MAPE: 1000.0000: 30,2,9,124,6,17,0.0326,0.3174,8
MAPE: 0.8092: 240,49,6,179,3,10,0.0029,0.5391,8
MAPE: 2.5874: 305,43,8,15,8,16,0.0307,0.3967,5
MAPE: 0.8092: 394,27,6,256,2,1,0.0152,0.1787,3
MAPE: 1000.0000: 230,36,2,440,9,5,0.032,0.998,2
MAPE: 1000.0000: 218,49,2,188,9,2,0.0939,0.8211,9
MAPE: 1000.0000: 271,4,4,357,5,9,0.021,0.5964,10
MAPE: 0.8092: 482,23,5,482,1,19,0.0642,0.3988,2
MAPE: 1000.0000: 89,26,8,196,3,8,0.0432,0.1139,4
MAPE: 1000.0000: 242,45,7,318,6,2,0.0381,0.49,6
MAPE: 0.8092: 365,40,6,40,2,9,0.0599,0.6191,5
MAPE: 1000.0000: 66,13,1,185,9,12,0.0639,0.2459,8
MAPE: 1000.0000: 438,17,6,393,10,16,0.0137,0.9323,6
MAPE: 1000.0000: 230,11,2,112,7,7,0.0478,0.3722,5
MAPE: 1000.0000: 489,44,5,20,9,2,0.0489,0.9457,7
MAPE: 1000.0000: 201,9,3,487,3,19,0.0864,0.281,2
MAPE: 0.0436: 155,37,5,57,1,6,0.0075,0.3956,7
MAPE: 1000.0000: 358,27,5,135,9,16,0.042,0.9533,5
MAPE: 0.8092: 237,8,5,302,10,2,0.0031,0.2823,2
MAPE: 1000.0000: 288,43,9,300,5,18,0.0816,0.0132,9
MAPE: 1000.0000: 276,3,4,318,6,12,0.0776,0.9972,9
MAPE: 0.8092: 78,40,5,10,9,3,0.07,0.5345,6
MAPE: 1000.0000: 176,44,9,463,3,15,0.0303,0.5591,7
MAPE: 1000.0000: 169,9,7,454,1,11,0.0342,0.0241,9
MAPE: 1000.0000: 88,40,7,141,7,14,0.0631,0.6886,3
MAPE: 1000.0000: 331,6,9,299,6,4,0.0811,0.7372,8
MAPE: 1000.0000: 246,47,6,268,10,7,0.0365,0.7243,2
MAPE: 1000.0000: 376,49,7,419,10,14,0.0667,0.0436,9
MAPE: 1000.0000: 390,10,3,240,3,3,0.0578,0.0104,4
MAPE: 0.8092: 415,24,10,65,1,10,0.0292,0.5129,5
MAPE: 1000.0000: 372,39,4,17,10,14,0.0966,0.5614,3
MAPE: 0.0452: 173,36,4,262,1,17,0.0036,0.9584,5
MAPE: 1000.0000: 263,17,4,105,4,8,0.0806,0.0074,1
MAPE: 1000.0000: 392,27,10,258,3,8,0.0974,0.4944,7
MAPE: 1000.0000: 31,49,9,135,7,4,0.0875,0.5372,3
MAPE: 1000.0000: 179,3,5,240,7,9,0.0133,0.0483,8
MAPE: 1000.0000: 305,16,10,434,6,1,0.0652,0.4993,7
MAPE: 1000.0000: 395,15,6,468,3,18,0.0393,0.4831,5
MAPE: 1000.0000: 475,27,6,317,9,17,0.0989,0.6374,10
MAPE: 1000.0000: 397,50,4,422,8,17,0.0799,0.1562,8
MAPE: 0.8092: 454,10,3,376,4,10,0.0113,0.4528,7
MAPE: 1000.0000: 197,15,3,190,10,2,0.0722,0.1486,1
MAPE: 1000.0000: 454,11,7,271,6,7,0.0963,0.6308,6
MAPE: 1000.0000: 475,32,9,230,9,3,0.0046,0.2227,5
MAPE: 1000.0000: 456,5,4,443,9,5,0.0219,0.8481,4
MAPE: 0.1520: 281,6,2,22,4,9,0.0359,0.2846,8
MAPE: 0.8092: 281,1,2,311,8,7,0.0131,0.0774,2
MAPE: 1000.0000: 213,31,7,354,9,7,0.0942,0.3882,7
MAPE: 1000.0000: 366,17,3,234,7,12,0.0703,0.4337,4
MAPE: 1000.0000: 127,10,4,51,8,4,0.0924,0.6319,10
MAPE: 1000.0000: 328,40,7,188,7,18,0.0357,0.7313,7
MAPE: 0.8092: 453,5,2,408,2,13,0.0354,0.1677,2
MAPE: 1000.0000: 301,43,10,164,2,5,0.0816,0.9394,8
MAPE: 1000.0000: 372,2,10,254,9,5,0.0523,0.8792,5
MAPE: 1000.0000: 71,47,5,27,6,6,0.0775,0.6704,2
MAPE: 1000.0000: 218,42,5,67,5,20,0.0854,0.2444,4
MAPE: 1000.0000: 62,41,4,275,5,3,0.067,0.8025,9
MAPE: 1000.0000: 340,45,5,369,6,13,0.0799,0.7448,1
MAPE: 1000.0000: 291,31,9,282,4,17,0.0453,0.4808,5
MAPE: 1000.0000: 272,42,5,174,5,14,0.025,0.9829,3
MAPE: 1000.0000: 191,39,6,264,10,11,0.0759,0.4403,9
MAPE: 0.8092: 71,40,2,248,3,10,0.0105,0.664,4
MAPE: 1000.0000: 408,42,7,251,6,18,0.0136,0.9114,2
MAPE: 1000.0000: 140,49,7,455,5,3,0.0088,0.9065,6
MAPE: 0.8092: 175,30,1,351,3,5,0.0334,0.0519,9
MAPE: 0.8092: 298,24,7,67,1,20,0.0423,0.3571,5
MAPE: 0.1969: 493,47,1,225,3,12,0.0074,0.1744,6
MAPE: 1000.0000: 238,3,9,162,9,8,0.0479,0.7771,10
MAPE: 0.1424: 65,42,5,23,4,9,0.0002,0.7092,2
MAPE: 1000.0000: 253,22,4,288,8,7,0.0827,0.5685,5
MAPE: 1000.0000: 74,43,4,323,3,3,0.0537,0.66,4
MAPE: 1000.0000: 171,11,10,361,3,19,0.0404,0.32,7
MAPE: 1000.0000: 212,29,9,270,1,2,0.0591,0.206,5
MAPE: 1000.0000: 69,25,7,432,2,19,0.0307,0.9328,9
MAPE: 0.9531: 258,8,10,3,8,4,0.0691,0.4739,1
MAPE: 1000.0000: 290,5,4,206,3,12,0.0989,0.8039,7
MAPE: 1000.0000: 289,2,6,363,3,11,0.0567,0.7082,9
MAPE: 0.8092: 32,48,4,144,1,13,0.0635,0.7265,4
MAPE: 0.8092: 213,24,4,53,5,3,0.0338,0.2666,3
MAPE: 1000.0000: 369,47,5,223,4,19,0.0107,0.7786,5
MAPE: 0.8092: 454,42,7,203,10,13,0.0008,0.5975,4
MAPE: 1000.0000: 35,34,3,119,8,12,0.076,0.5319,7
MAPE: 0.8092: 323,41,3,112,2,16,0.0643,0.0185,2
MAPE: 1000.0000: 452,49,9,361,9,19,0.08,0.4813,7
MAPE: 1000.0000: 448,42,1,301,8,14,0.0755,0.3843,9
MAPE: 1000.0000: 331,29,6,170,3,8,0.046,0.6054,8
MAPE: 1000.0000: 98,31,7,24,2,2,0.0865,0.8954,3
MAPE: 1000.0000: 462,47,8,128,6,14,0.0694,0.5439,6
MAPE: 1000.0000: 396,44,7,122,5,9,0.0502,0.861,9
MAPE: 0.8092: 179,11,5,240,1,14,0.0156,0.4359,3
MAPE: 1000.0000: 372,15,6,101,3,10,0.0509,0.6671,9
MAPE: 1000.0000: 365,47,4,440,4,2,0.0131,0.3238,8
MAPE: 0.8092: 244,14,5,166,1,15,0.088,0.7372,2
MAPE: 1000.0000: 430,19,7,329,8,9,0.053,0.2908,3
MAPE: 1000.0000: 291,43,2,330,6,10,0.0684,0.6906,6
MAPE: 1000.0000: 255,47,8,124,6,6,0.0255,0.6735,3
MAPE: 0.5033: 287,2,7,44,1,7,0.0477,0.5598,5
MAPE: 1000.0000: 133,2,6,224,3,14,0.0287,0.7178,8
MAPE: 1000.0000: 86,41,6,338,2,18,0.0155,0.8405,1
MAPE: 1000.0000: 500,19,10,228,3,10,0.0928,0.3906,5
MAPE: 1000.0000: 450,10,8,280,2,6,0.0907,0.6969,9
MAPE: 1000.0000: 203,31,9,130,9,5,0.0864,0.2868,6
MAPE: 1000.0000: 310,5,8,174,7,10,0.0185,0.7337,7
MAPE: 1000.0000: 344,40,3,148,6,4,0.0865,0.0725,2
MAPE: 1000.0000: 265,39,5,193,5,13,0.073,0.2921,7
MAPE: 1000.0000: 311,21,6,95,3,8,0.0531,0.4399,9
MAPE: 1000.0000: 39,42,7,486,4,16,0.0145,0.3377,8
MAPE: 1000.0000: 498,10,2,149,8,3,0.0742,0.7064,8
MAPE: 1000.0000: 88,41,2,135,8,17,0.0421,0.0246,7
MAPE: 1000.0000: 46,34,9,185,7,16,0.0775,0.8503,5
MAPE: 1000.0000: 304,31,4,436,5,4,0.0548,0.1964,5
MAPE: 1000.0000: 108,8,7,56,2,18,0.0561,0.6373,3
MAPE: 1000.0000: 476,41,5,282,4,4,0.0285,0.5373,6
MAPE: 0.8092: 184,45,3,327,1,8,0.074,0.8419,7
MAPE: 1000.0000: 461,22,8,324,2,3,0.0333,0.096,7
MAPE: 1000.0000: 369,37,2,419,6,2,0.0325,0.0584,7
MAPE: 1000.0000: 458,39,8,333,7,2,0.0199,0.8974,8
MAPE: 1000.0000: 298,15,3,329,6,16,0.098,0.4053,2
MAPE: 1000.0000: 224,7,9,102,3,9,0.0901,0.3353,2
MAPE: 0.0422: 326,36,1,469,5,17,0.0003,0.2269,1
MAPE: 1000.0000: 489,14,9,358,2,4,0.0972,0.4876,2
MAPE: 1000.0000: 460,41,6,453,4,7,0.0245,0.0413,8
MAPE: 0.8092: 339,8,6,248,3,16,0.0071,0.6755,5
MAPE: 0.8092: 150,3,7,100,4,19,0.008,0.3713,3
MAPE: 1000.0000: 384,34,3,174,5,6,0.0345,0.2439,5
MAPE: 1000.0000: 176,39,5,84,7,4,0.0635,0.9374,7
MAPE: 1000.0000: 395,40,2,118,6,17,0.0798,0.9408,3
MAPE: 1000.0000: 187,40,5,36,7,4,0.0955,0.5393,5
MAPE: 1000.0000: 73,33,6,214,3,11,0.0586,0.0911,3
MAPE: 0.8092: 248,44,8,26,4,20,0.0632,0.9512,7
MAPE: 1000.0000: 104,14,9,486,7,1,0.0309,0.1771,4
MAPE: 1000.0000: 324,25,4,109,8,16,0.0815,0.9889,3
MAPE: 1000.0000: 492,26,4,314,7,20,0.0556,0.063,8
MAPE: 1000.0000: 259,24,3,460,7,17,0.0078,0.7756,5
MAPE: 0.8092: 243,13,9,14,3,19,0.0576,0.6367,5
MAPE: 1000.0000: 337,11,7,27,6,15,0.0731,0.6278,2
MAPE: 1000.0000: 66,46,9,384,6,5,0.0229,0.1073,4
MAPE: 1000.0000: 355,45,6,34,4,3,0.0793,0.7507,5
MAPE: 1000.0000: 277,9,5,175,6,17,0.0686,0.8228,8
MAPE: 1000.0000: 88,4,9,108,2,12,0.091,0.0696,2
MAPE: 1000.0000: 299,38,5,92,7,12,0.0188,0.429,2
MAPE: 1000.0000: 285,17,6,338,7,15,0.0627,0.6467,4
MAPE: 1000.0000: 285,16,6,104,4,10,0.0874,0.9318,5
MAPE: 1000.0000: 255,40,3,417,8,5,0.0431,0.9767,5
MAPE: 1000.0000: 54,10,4,352,4,9,0.0847,0.5591,2
MAPE: 1000.0000: 305,49,4,153,8,2,0.0618,0.173,4
MAPE: 0.8092: 206,29,2,391,2,9,0.0724,0.1703,1
MAPE: 1000.0000: 286,41,6,488,2,7,0.0401,0.409,10
MAPE: 1000.0000: 278,21,9,412,6,5,0.0503,0.6456,9
MAPE: 1000.0000: 163,8,9,147,4,6,0.0572,0.5201,10
MAPE: 1000.0000: 156,37,3,380,7,18,0.0713,0.7649,8
MAPE: 0.8092: 352,15,3,236,1,17,0.0688,0.1026,9
MAPE: 1000.0000: 386,43,4,183,10,12,0.036,0.956,4
MAPE: 1000.0000: 49,15,8,73,9,18,0.016,0.0585,4
MAPE: 0.8092: 265,13,2,393,2,8,0.0618,0.4192,8
MAPE: 1000.0000: 409,20,10,298,9,6,0.0794,0.462,2
MAPE: 1000.0000: 46,40,7,476,8,20,0.0175,0.7885,8
MAPE: 0.8092: 14,44,2,367,2,19,0.0488,0.3715,1
MAPE: 1000.0000: 268,25,4,390,6,17,0.0116,0.8399,7
MAPE: 1000.0000: 168,47,6,229,8,3,0.0454,0.4541,5
MAPE: 1000.0000: 23,26,5,222,5,19,0.0806,0.0965,3
MAPE: 1000.0000: 148,34,4,186,5,8,0.0848,0.0699,7
MAPE: 1000.0000: 328,23,3,455,3,15,0.0523,0.4835,4
MAPE: 1000.0000: 177,36,3,235,7,20,0.0936,0.8518,8
MAPE: 1000.0000: 355,20,4,220,9,12,0.0169,0.0622,5
MAPE: 1000.0000: 176,20,6,260,8,14,0.0381,0.0439,10
MAPE: 0.8092: 104,20,2,47,1,14,0.0526,0.9578,10
MAPE: 1000.0000: 193,28,9,189,8,6,0.0833,0.9348,2
MAPE: 1000.0000: 142,47,4,184,4,3,0.0558,0.9816,4
MAPE: 1000.0000: 455,23,7,234,2,10,0.0396,0.7729,4
MAPE: 0.8092: 296,9,4,259,3,19,0.0098,0.5121,4
MAPE: 1000.0000: 135,22,4,385,8,13,0.0845,0.211,1
MAPE: 1000.0000: 135,36,3,418,2,6,0.071,0.2183,5
MAPE: 0.8092: 229,25,3,340,1,5,0.0588,0.2661,7
MAPE: 1000.0000: 333,41,4,348,6,5,0.0986,0.7166,6
MAPE: 1000.0000: 186,18,9,107,2,17,0.08,0.7993,5
MAPE: 1000.0000: 370,32,9,147,5,6,0.0184,0.4994,1
MAPE: 1000.0000: 319,24,4,277,7,14,0.0154,0.2902,5
MAPE: 1000.0000: 424,4,4,401,5,6,0.0442,0.4375,7
MAPE: 1000.0000: 77,7,4,490,8,3,0.0985,0.5373,4
MAPE: 1000.0000: 51,13,6,355,6,13,0.0923,0.7732,9
MAPE: 1000.0000: 270,24,9,375,7,19,0.0458,0.9675,3
MAPE: 1000.0000: 20,8,4,345,4,19,0.0561,0.1307,8
MAPE: 1000.0000: 292,46,5,202,10,15,0.0565,0.5087,1
MAPE: 1000.0000: 435,45,5,474,4,2,0.0465,0.48,5
MAPE: 1000.0000: 294,18,2,178,8,16,0.0409,0.4559,1
MAPE: 1000.0000: 75,19,5,433,4,16,0.0134,0.6997,10
MAPE: 1000.0000: 317,32,3,382,5,3,0.0508,0.5847,3
MAPE: 1000.0000: 228,39,9,402,5,18,0.0959,0.6712,3
MAPE: 1000.0000: 365,46,6,144,4,4,0.075,0.4848,5
MAPE: 0.8092: 210,26,2,55,4,12,0.0829,0.5832,3
MAPE: 1000.0000: 161,8,4,190,2,7,0.0922,0.53,2
MAPE: 1000.0000: 278,40,4,225,5,8,0.077,0.205,10
MAPE: 1000.0000: 378,32,7,291,7,10,0.01,0.6251,2
MAPE: 1000.0000: 133,30,5,279,4,12,0.0438,0.8639,9
MAPE: 0.8092: 307,41,5,104,1,12,0.0203,0.0347,9
MAPE: 1000.0000: 338,10,7,492,2,4,0.0527,0.6567,7
MAPE: 0.8092: 406,38,3,407,4,4,0.0126,0.5349,5
MAPE: 1000.0000: 364,50,4,333,5,15,0.0711,0.747,5
MAPE: 0.0483: 109,30,5,11,4,7,0.0215,0.5114,9
MAPE: 0.8092: 82,21,7,243,1,7,0.0184,0.0023,9
MAPE: 0.8092: 498,30,4,115,2,8,0.0592,0.2885,1
MAPE: 1000.0000: 63,7,2,218,7,12,0.0228,0.3369,1
MAPE: 2.5874: 467,32,10,43,9,10,0.0878,0.9391,6
MAPE: 1000.0000: 465,33,8,111,6,9,0.0765,0.7741,4
MAPE: 1000.0000: 242,15,7,158,3,5,0.0631,0.6296,6
MAPE: 0.0427: 166,41,8,72,9,2,0.0025,0.6892,10
MAPE: 1000.0000: 335,43,6,170,4,5,0.0848,0.917,2
MAPE: 0.8092: 402,19,2,488,1,7,0.0877,0.9977,6
MAPE: 1000.0000: 386,17,7,495,9,13,0.0538,0.6991,9
MAPE: 2.5874: 324,27,7,54,4,14,0.0127,0.873,7
MAPE: 0.8092: 268,1,8,85,1,12,0.0642,0.0254,3
MAPE: 1000.0000: 57,4,7,122,7,15,0.0727,0.0398,5
MAPE: 0.8092: 257,50,4,17,4,12,0.0412,0.7193,8
MAPE: 1000.0000: 105,45,5,358,7,2,0.0942,0.8317,2
MAPE: 1000.0000: 496,38,8,388,5,11,0.0239,0.9886,8
MAPE: 1000.0000: 174,33,9,459,7,18,0.0237,0.0195,10
MAPE: 1000.0000: 381,45,9,131,2,19,0.0198,0.9324,6
MAPE: 1000.0000: 36,41,6,241,2,3,0.0544,0.2894,3
MAPE: 0.8092: 352,31,2,35,2,14,0.0813,0.1795,5
MAPE: 1000.0000: 291,26,2,456,4,14,0.0253,0.3723,3
MAPE: 1000.0000: 200,23,6,173,5,3,0.0546,0.862,2
MAPE: 1000.0000: 389,2,7,284,10,7,0.0564,0.8385,5
MAPE: 1000.0000: 170,31,7,62,7,7,0.0481,0.7367,7
MAPE: 1000.0000: 230,37,7,256,5,4,0.0491,0.4544,8
MAPE: 1000.0000: 54,20,9,367,9,12,0.0391,0.2976,9
MAPE: 0.8092: 170,40,7,71,2,15,0.0314,0.9144,2
MAPE: 1000.0000: 362,39,7,386,2,20,0.0201,0.158,2
MAPE: 1000.0000: 342,27,7,310,8,6,0.0479,0.2257,4
MAPE: 1000.0000: 80,14,2,407,9,7,0.0953,0.7394,9
MAPE: 1000.0000: 412,31,9,187,6,9,0.0601,0.3286,3
MAPE: 1000.0000: 314,7,7,152,8,10,0.0915,0.8134,4
MAPE: 0.8092: 481,7,2,317,2,11,0.0328,0.6632,2
MAPE: 1000.0000: 339,28,9,341,6,2,0.0135,0.0825,9
MAPE: 1000.0000: 22,4,6,337,7,13,0.0308,0.1585,7
MAPE: 1000.0000: 254,18,8,129,2,13,0.019,0.5176,3
MAPE: 1000.0000: 477,28,3,363,3,14,0.0548,0.6336,3
MAPE: 0.8092: 477,6,5,339,1,3,0.0711,0.1583,3
MAPE: 1000.0000: 508,32,8,414,6,9,0.063,0.8039,10
MAPE: 1000.0000: 402,15,8,39,3,9,0.095,0.1342,6
MAPE: 1000.0000: 190,41,9,378,10,4,0.0264,0.1479,6
MAPE: 1000.0000: 340,37,8,480,6,3,0.0096,0.2987,2
MAPE: 0.8092: 221,16,2,93,5,18,0.011,0.5116,9
MAPE: 1000.0000: 41,15,9,150,2,5,0.0998,0.5158,3
MAPE: 1000.0000: 238,46,8,467,9,5,0.0814,0.5386,7
MAPE: 1000.0000: 159,27,4,228,8,19,0.0163,0.8934,2
MAPE: 1000.0000: 473,44,4,444,7,6,0.0683,0.3708,3
MAPE: 1000.0000: 214,22,4,403,5,14,0.0678,0.6462,6
MAPE: 1000.0000: 167,40,10,338,10,4,0.0404,0.5822,8
MAPE: 1000.0000: 379,32,10,494,5,7,0.0714,0.5878,4
MAPE: 1000.0000: 79,22,7,219,3,9,0.0328,0.9207,1
MAPE: 0.8092: 279,37,4,284,1,16,0.0639,0.8218,3
MAPE: 0.8092: 109,13,5,39,2,10,0.0561,0.9038,2
MAPE: 1000.0000: 131,43,4,458,10,4,0.019,0.0857,5
MAPE: 1000.0000: 276,21,6,228,3,13,0.0433,0.1248,3
MAPE: 1000.0000: 468,7,9,473,2,8,0.0775,0.2919,6
MAPE: 1000.0000: 32,21,8,332,6,6,0.0874,0.0099,7
MAPE: 1000.0000: 339,21,8,336,1,19,0.0994,0.5367,5
MAPE: 1000.0000: 357,28,6,401,9,19,0.0249,0.793,7
MAPE: 1000.0000: 370,5,6,172,2,4,0.0708,0.4564,6
MAPE: 1000.0000: 36,44,5,444,4,8,0.0733,0.4942,7
MAPE: 0.0477: 357,35,7,28,2,5,0.0077,0.2177,9
MAPE: 1000.0000: 333,34,8,322,8,3,0.0118,0.7393,7
MAPE: 1000.0000: 438,37,3,298,5,10,0.0206,0.3473,2
MAPE: 1000.0000: 133,1,2,184,6,8,0.0506,0.7452,7
MAPE: 0.8092: 108,37,1,205,2,3,0.0552,0.5841,7
MAPE: 1000.0000: 509,35,4,59,7,9,0.0807,0.652,8
MAPE: 1000.0000: 464,29,9,242,4,4,0.0942,0.5941,3
MAPE: 1000.0000: 208,28,2,403,8,15,0.0362,0.0215,2
MAPE: 1000.0000: 41,19,8,253,1,19,0.0644,0.2721,5
MAPE: 1000.0000: 33,42,7,316,9,18,0.0557,0.9924,2
MAPE: 1000.0000: 198,15,8,312,5,11,0.0884,0.362,4
MAPE: 1000.0000: 58,27,4,252,9,10,0.0781,0.3679,8
MAPE: 1000.0000: 177,31,5,221,4,2,0.0352,0.4091,6
MAPE: 1000.0000: 475,22,3,32,10,6,0.0806,0.0402,6
MAPE: 0.8092: 494,26,3,59,3,10,0.0494,0.8003,4
MAPE: 0.8092: 166,44,8,94,4,6,0.0062,0.5337,10
MAPE: 1000.0000: 413,42,3,471,7,7,0.0497,0.7928,6
MAPE: 1000.0000: 145,5,5,432,4,12,0.0137,0.0967,1
MAPE: 1000.0000: 336,30,10,295,8,6,0.0957,0.8104,9
MAPE: 1000.0000: 89,39,3,240,8,9,0.0267,0.5046,8
MAPE: 0.8092: 444,33,2,51,10,18,0.0065,0.2951,9
MAPE: 1000.0000: 11,13,9,210,8,16,0.0865,0.7735,8
MAPE: 1000.0000: 282,29,9,255,5,17,0.0607,0.893,7
MAPE: 0.8092: 159,18,4,64,1,4,0.0688,0.3884,4
MAPE: 1000.0000: 109,34,4,266,8,15,0.084,0.5172,2
MAPE: 1000.0000: 484,34,5,120,5,13,0.081,0.0506,10
MAPE: 1000.0000: 38,46,1,442,7,6,0.0636,0.8552,5
MAPE: 0.8092: 455,50,3,149,2,12,0.0337,0.7802,9
MAPE: 1000.0000: 126,50,8,95,5,11,0.0408,0.6738,6
MAPE: 1000.0000: 421,19,3,397,9,8,0.0702,0.4125,7
MAPE: 0.8092: 204,4,6,347,1,16,0.063,0.4962,2
MAPE: 1000.0000: 198,41,2,478,5,9,0.0858,0.9048,9
MAPE: 1000.0000: 120,25,9,162,4,9,0.0456,0.7114,2
MAPE: 1000.0000: 207,45,6,400,6,18,0.0608,0.8218,3
MAPE: 0.0592: 128,27,4,6,4,7,0.0014,0.4792,2
MAPE: 0.8092: 407,49,2,415,2,9,0.019,0.8849,8
MAPE: 1000.0000: 182,1,9,377,3,2,0.05,0.1769,9
MAPE: 1000.0000: 193,40,10,367,8,20,0.0425,0.1813,2
MAPE: 1000.0000: 313,7,8,138,5,18,0.0085,0.9427,1
MAPE: 1000.0000: 331,37,5,398,3,15,0.0087,0.9551,2
MAPE: 0.8092: 395,21,8,17,6,10,0.0283,0.2469,9
MAPE: 1000.0000: 305,43,6,402,9,4,0.0853,0.5881,2
MAPE: 0.1648: 414,8,7,27,1,17,0.0164,0.3834,7
MAPE: 1000.0000: 122,40,8,258,5,19,0.0603,0.2122,3
MAPE: 1000.0000: 23,28,2,407,8,15,0.0372,0.8937,1
MAPE: 1000.0000: 219,36,5,263,10,7,0.0542,0.4283,8
MAPE: 0.8092: 80,6,9,164,4,10,0.0056,0.4441,8
MAPE: 1000.0000: 280,39,9,459,8,18,0.05,0.314,7
MAPE: 1000.0000: 151,23,8,269,3,2,0.0867,0.9712,9
MAPE: 1000.0000: 376,43,6,221,4,10,0.0188,0.355,4
MAPE: 1000.0000: 72,19,5,479,5,17,0.0322,0.3115,5
MAPE: 1000.0000: 181,44,4,273,8,10,0.0482,0.8228,4
MAPE: 1000.0000: 506,3,10,376,3,16,0.0993,0.3819,3
MAPE: 1000.0000: 219,28,9,215,10,13,0.0152,0.8956,4
MAPE: 1000.0000: 176,28,5,431,3,18,0.029,0.6301,5
MAPE: 0.0438: 239,33,7,56,5,17,0.004,0.1268,6
MAPE: 1000.0000: 394,9,10,487,8,12,0.0771,0.4962,6
MAPE: 1000.0000: 61,9,10,155,2,12,0.0652,0.3184,9
MAPE: 1000.0000: 398,10,2,369,8,6,0.0933,0.9893,2
MAPE: 1000.0000: 60,28,5,387,2,4,0.0225,0.4128,1
MAPE: 0.8092: 305,3,5,334,1,10,0.0574,0.761,10
MAPE: 1000.0000: 278,19,10,349,6,3,0.0145,0.3081,4
MAPE: 1000.0000: 352,17,4,236,7,12,0.0777,0.483,6
MAPE: 1000.0000: 326,3,9,494,6,3,0.0337,0.7937,6
MAPE: 0.8092: 314,11,2,467,2,7,0.0791,0.1137,4
MAPE: 1000.0000: 210,32,8,221,3,20,0.018,0.499,5
MAPE: 1000.0000: 325,19,8,425,6,2,0.0162,0.4529,6
MAPE: 1000.0000: 260,25,9,474,2,18,0.0089,0.8594,5
MAPE: 1000.0000: 387,24,5,498,7,18,0.0382,0.8801,6
MAPE: 0.8092: 168,38,6,41,7,18,0.0216,0.6757,4
MAPE: 1000.0000: 447,39,8,471,2,10,0.0567,0.5152,5
MAPE: 1000.0000: 211,15,3,376,4,16,0.063,0.4116,8
MAPE: 1000.0000: 169,34,4,400,4,9,0.0504,0.219,6
MAPE: 0.8092: 389,9,4,319,3,3,0.0096,0.4208,8
MAPE: 1000.0000: 277,2,6,398,4,13,0.0623,0.8763,4
MAPE: 1000.0000: 79,15,3,258,5,9,0.0637,0.3608,4
MAPE: 0.8092: 117,2,2,364,3,20,0.0855,0.2282,3
MAPE: 1000.0000: 112,12,7,198,3,14,0.0682,0.9958,5
MAPE: 1000.0000: 17,14,9,153,4,3,0.093,0.5818,7
MAPE: 1000.0000: 97,10,4,381,8,1,0.043,0.6403,8
MAPE: 0.1460: 439,41,5,255,7,14,0.0013,0.2021,6
MAPE: 1000.0000: 300,23,3,363,6,15,0.0544,0.5261,5
MAPE: 1000.0000: 245,9,7,294,7,2,0.0198,0.9361,5
MAPE: 1000.0000: 111,1,6,489,5,4,0.0318,0.7905,5
MAPE: 1000.0000: 475,38,9,238,7,8,0.0472,0.2741,8
MAPE: 1000.0000: 158,17,8,479,6,14,0.034,0.2951,7
MAPE: 1000.0000: 399,6,4,454,3,19,0.0349,0.5223,9
MAPE: 1000.0000: 388,7,6,473,10,7,0.0626,0.7424,6
MAPE: 0.0443: 30,17,2,38,3,19,0.009,0.4517,7
Step: 0, min MAPE: 0.04219473, hyperparameter: [325.87231076742694, 35.864248757664434, 1.0108869449121856, 469.11062452921044, 4.949495394828588, 16.61938487105798, 0.0002777872508902841, 0.2268651863039316, 1.1878507733000376]
Data: 2, Round: 0, Step 1
MAPE: 0.8092: 229,19,5,77,9,1,0.0082,0.2195,1
MAPE: 0.8092: 494,21,9,37,7,13,0.0012,0.1927,6
MAPE: 1000.0000: 366,44,6,437,5,18,0.0034,0.3924,6
MAPE: 0.0476: 260,37,3,13,9,14,0.002,0.5145,10
MAPE: 0.0438: 60,15,4,169,3,6,0.0034,0.911,9
MAPE: 0.0510: 328,8,4,106,2,5,0.0113,0.6407,1
MAPE: 0.0456: 52,19,6,328,4,10,0.0004,0.3532,2
MAPE: 0.8092: 316,17,10,96,2,20,0.013,0.8432,4
MAPE: 0.0486: 228,10,1,349,1,1,0.0092,0.4874,10
MAPE: 0.0472: 226,11,3,96,2,19,0.0078,0.4197,7
MAPE: 0.0445: 206,39,2,32,4,19,0.0019,0.496,5
MAPE: 0.0451: 155,27,2,57,1,6,0.0075,0.3956,7
MAPE: 0.0456: 249,35,4,11,3,17,0.0036,0.9584,9
MAPE: 0.8092: 326,36,4,469,2,17,0.0059,0.2269,6
MAPE: 0.0453: 109,31,2,11,4,8,0.0215,0.5114,9
MAPE: 0.8092: 509,41,8,72,9,2,0.007,0.6892,10
MAPE: 0.1321: 357,35,7,28,2,14,0.0077,0.2177,4
MAPE: 0.0432: 128,27,5,169,4,7,0.0014,0.8593,2
MAPE: 0.8092: 390,33,7,86,4,17,0.004,0.2004,7
MAPE: 0.0429: 30,17,1,127,3,19,0.009,0.4517,7
Step: 1, min MAPE: 0.04219473, hyperparameter: [325.87231076742694, 35.864248757664434, 1.0108869449121856, 469.11062452921044, 4.949495394828588, 16.61938487105798, 0.0002777872508902841, 0.2268651863039316, 1.1878507733000376]
Data: 2, Round: 0, Step 2
MAPE: 0.0439: 200,19,5,406,5,1,0.0008,0.2195,2
MAPE: 0.0450: 275,21,6,61,6,13,0.0012,0.2905,9
MAPE: 0.8092: 142,16,6,206,5,18,0.0037,0.9652,1
MAPE: 0.8092: 141,26,7,13,9,14,0.002,0.5145,4
MAPE: 1000.0000: 60,15,4,169,4,6,0.0174,0.7267,6
MAPE: 0.0470: 393,8,3,192,7,5,0.0027,0.1346,1
MAPE: 0.8092: 52,26,6,328,3,10,0.0063,0.3532,7
MAPE: 0.8092: 316,17,10,110,2,1,0.013,0.8432,3
MAPE: 2.5874: 228,10,1,349,6,1,0.0092,0.1428,10
MAPE: 0.8092: 85,27,5,96,2,2,0.0172,0.6916,3
MAPE: 0.0473: 206,39,2,32,1,10,0.0027,0.496,7
MAPE: 0.8092: 281,14,5,57,7,6,0.0075,0.3956,7
MAPE: 0.0417: 90,36,5,262,1,17,0.0036,0.6405,5
MAPE: 0.0440: 64,26,4,469,6,17,0.0003,0.2269,8
MAPE: 0.1330: 109,31,6,11,4,8,0.009,0.5114,9
MAPE: 0.0448: 166,43,8,40,9,2,0.0004,0.5091,10
MAPE: 0.0454: 357,35,7,28,4,5,0.0051,0.2177,4
MAPE: 0.0429: 128,27,5,169,5,2,0.0014,0.8593,2
MAPE: 1000.0000: 239,33,7,358,5,19,0.004,0.1268,4
MAPE: 0.0434: 171,17,1,127,3,19,0.009,0.7052,4
Step: 2, min MAPE: 0.041682426, hyperparameter: [90.17105773140383, 35.598155847580465, 5.001064728952015, 261.7780359611332, 1.4277248536066058, 16.94595503825364, 0.0035964907667735708, 0.6404640547833587, 5.425085946895096]
Data: 2, Round: 0, Step 3
MAPE: 0.8092: 161,19,5,406,1,1,0.0074,0.2733,7
MAPE: 0.0461: 275,15,6,61,6,13,0.0012,0.2905,9
MAPE: 0.0445: 142,16,6,339,3,18,0.0011,0.5361,1
MAPE: 0.0416: 260,37,3,122,9,14,0.002,0.5145,10
MAPE: 0.0458: 60,9,4,169,4,6,0.0034,0.911,5
MAPE: 0.8092: 393,8,2,131,7,18,0.0078,0.519,1
MAPE: 0.0423: 52,38,6,328,7,10,0.0004,0.3532,7
MAPE: 0.0438: 134,17,10,29,2,7,0.013,0.8432,5
MAPE: 0.0467: 228,10,6,210,1,6,0.0092,0.409,10
MAPE: 0.0431: 226,35,3,96,2,19,0.0082,0.861,7
MAPE: 0.8092: 206,39,3,32,4,17,0.0135,0.496,5
MAPE: 0.0444: 148,13,5,57,1,6,0.0075,0.6885,7
MAPE: 0.8092: 90,36,5,262,1,13,0.0071,0.7281,5
MAPE: 1000.0000: 326,36,8,469,5,17,0.0031,0.2269,1
MAPE: 0.8092: 166,31,2,195,4,6,0.0215,0.5114,9
MAPE: 0.0416: 166,41,5,72,2,2,0.0025,0.6892,10
MAPE: 0.8092: 357,35,7,66,4,5,0.0113,0.2177,5
MAPE: 0.8092: 199,10,5,169,2,12,0.0146,0.7369,2
MAPE: 0.1741: 239,33,7,10,3,12,0.004,0.6629,4
MAPE: 0.0429: 41,17,1,97,3,19,0.009,0.4517,7
Step: 3, min MAPE: 0.041591305, hyperparameter: [166.18340654658545, 40.83315221157856, 4.954786585732911, 72.29694356967155, 1.8146676097270953, 1.9926657275469501, 0.002545063888416355, 0.6892357194563964, 9.992339192566272]
Data: 2, Round: 0, Step 4
MAPE: 0.8092: 200,19,6,406,5,1,0.0022,0.3802,2
MAPE: 0.0459: 376,21,6,61,6,7,0.0021,0.2905,2
MAPE: 0.8092: 142,42,6,315,6,10,0.0011,0.4171,1
MAPE: 0.0416: 260,37,3,122,9,14,0.002,0.5145,10
MAPE: 0.0433: 136,17,4,169,4,6,0.0034,0.911,9
MAPE: 0.8092: 53,38,3,192,7,10,0.0027,0.3515,1
MAPE: 0.0439: 52,38,6,328,7,19,0.0004,0.3532,6
MAPE: 2.5874: 258,17,6,26,6,7,0.013,0.8432,5
MAPE: 0.8092: 228,16,6,210,1,6,0.0134,0.409,10
MAPE: 0.0423: 226,35,3,96,2,11,0.0082,0.861,6
MAPE: 0.0456: 176,39,5,32,2,19,0.0019,0.496,5
MAPE: 0.0443: 155,37,5,57,1,6,0.0075,0.3956,4
MAPE: 0.0473: 90,36,6,21,1,5,0.0054,0.2209,5
MAPE: 0.0419: 326,36,1,469,4,17,0.0003,0.2269,1
MAPE: 0.8092: 109,31,5,63,2,8,0.0215,0.5114,9
MAPE: 0.0426: 166,41,5,65,2,2,0.0028,0.6892,10
MAPE: 0.1264: 262,35,5,28,4,5,0.0051,0.2177,6
MAPE: 0.0424: 128,34,5,169,5,2,0.0014,0.8593,2
MAPE: 0.8092: 297,33,7,36,5,6,0.0065,0.2791,6
MAPE: 0.0483: 30,16,10,23,3,19,0.009,0.4517,7
Step: 4, min MAPE: 0.041591305, hyperparameter: [166.18340654658545, 40.83315221157856, 4.954786585732911, 72.29694356967155, 1.8146676097270953, 1.9926657275469501, 0.002545063888416355, 0.6892357194563964, 9.992339192566272]
Data: 2, Round: 0, Step 5
MAPE: 1000.0000: 200,19,7,406,5,1,0.0063,0.1686,2
MAPE: 0.0460: 216,21,6,61,6,19,0.0026,0.2905,5
MAPE: 0.1423: 142,31,6,12,4,8,0.0011,0.5107,1
MAPE: 0.1199: 260,37,3,122,9,14,0.002,0.5145,10
MAPE: 0.1418: 369,34,4,169,4,6,0.0034,0.911,9
MAPE: 0.1414: 340,32,3,192,7,8,0.0027,0.1484,1
MAPE: 0.0431: 52,38,6,328,7,14,0.0004,0.3532,6
MAPE: 0.8092: 110,17,4,195,3,7,0.013,0.8432,5
MAPE: 0.0430: 228,35,6,210,1,6,0.008,0.409,10
MAPE: 0.0421: 226,35,3,96,2,8,0.0082,0.861,5
MAPE: 0.1511: 338,39,6,32,4,19,0.0019,0.496,5
MAPE: 0.0435: 155,37,5,57,1,6,0.0075,0.3956,9
MAPE: 0.0434: 90,36,2,38,1,19,0.0025,0.4559,5
MAPE: 0.0419: 326,36,1,469,4,17,0.0003,0.2269,1
MAPE: 0.1608: 109,31,6,6,4,8,0.0215,0.5114,3
MAPE: 0.0416: 166,41,5,174,2,2,0.0039,0.6892,10
MAPE: 0.1260: 100,35,2,28,4,5,0.0051,0.2177,9
MAPE: 0.0433: 128,17,5,169,5,2,0.0014,0.8593,2
MAPE: 0.8092: 100,33,7,13,5,9,0.0212,0.533,6
MAPE: 0.8092: 30,17,4,171,3,19,0.009,0.4517,7
Step: 5, min MAPE: 0.041591305, hyperparameter: [166.18340654658545, 40.83315221157856, 4.954786585732911, 72.29694356967155, 1.8146676097270953, 1.9926657275469501, 0.002545063888416355, 0.6892357194563964, 9.992339192566272]
