Data: 1, Round: 0, Step 0
MAPE: 1000.0000: 337,22,6,235,9,17,0.0808,0.9509,3
MAPE: 0.8274: 491,48,4,160,2,19,0.013,0.9818,5
MAPE: 1000.0000: 76,18,7,446,3,19,0.0321,0.1369,10
MAPE: 0.8274: 137,29,8,22,2,10,0.0788,0.8225,6
MAPE: 0.8274: 370,7,9,28,8,18,0.0742,0.626,1
MAPE: 1000.0000: 263,21,9,485,10,16,0.0623,0.1557,9
MAPE: 1000.0000: 436,3,1,365,8,5,0.073,0.2823,6
MAPE: 1000.0000: 169,40,9,399,6,4,0.0097,0.2597,6
MAPE: 1000.0000: 239,29,7,123,5,16,0.0232,0.1366,7
MAPE: 0.8274: 129,22,1,135,9,16,0.044,0.768,8
MAPE: 0.8274: 130,21,2,474,2,8,0.0165,0.9433,8
MAPE: 1000.0000: 323,46,6,388,9,18,0.067,0.0193,2
MAPE: 1000.0000: 149,15,6,161,10,12,0.0861,0.6401,10
MAPE: 0.0448: 310,49,7,362,10,3,0.0008,0.9151,10
MAPE: 1000.0000: 366,45,2,380,4,11,0.0831,0.184,6
MAPE: 1000.0000: 461,40,4,379,3,7,0.0158,0.1708,9
MAPE: 1000.0000: 147,25,5,65,5,17,0.0487,0.67,5
MAPE: 1000.0000: 326,30,8,330,7,4,0.0843,0.3017,1
MAPE: 1000.0000: 217,3,7,496,5,6,0.0743,0.3622,8
MAPE: 1000.0000: 312,37,2,324,3,19,0.0738,0.8729,4
MAPE: 1000.0000: 284,13,5,316,9,2,0.0286,0.8014,6
MAPE: 1000.0000: 322,47,2,255,9,4,0.0145,0.7991,9
MAPE: 1000.0000: 180,49,4,235,6,5,0.0277,0.3952,10
MAPE: 1000.0000: 283,30,7,420,7,10,0.0031,0.3658,6
MAPE: 1000.0000: 217,26,7,475,1,8,0.0702,0.1,6
MAPE: 1000.0000: 333,12,2,294,5,2,0.0891,0.7167,2
MAPE: 1000.0000: 463,44,5,329,8,13,0.0783,0.9414,5
MAPE: 1000.0000: 310,33,4,207,8,10,0.0817,0.716,7
MAPE: 1000.0000: 276,45,2,361,5,5,0.0246,0.5248,5
MAPE: 1000.0000: 396,39,4,172,4,6,0.0549,0.4288,3
MAPE: 0.0472: 229,19,5,77,9,1,0.0086,0.2195,1
MAPE: 0.8274: 334,28,9,96,1,4,0.0267,0.7251,4
MAPE: 1000.0000: 59,27,9,391,7,7,0.0938,0.1823,10
MAPE: 1000.0000: 67,17,8,492,5,14,0.046,0.7688,3
MAPE: 0.8274: 371,2,3,471,2,15,0.0129,0.3958,9
MAPE: 1000.0000: 264,35,2,71,10,4,0.0862,0.9971,4
MAPE: 1000.0000: 78,12,3,417,6,9,0.0086,0.9266,5
MAPE: 0.1035: 263,50,3,8,10,2,0.0016,0.4604,6
MAPE: 0.8274: 205,23,4,160,1,13,0.0278,0.871,9
MAPE: 0.8274: 90,25,4,301,1,18,0.0739,0.5633,2
MAPE: 1000.0000: 337,32,4,74,5,6,0.0403,0.327,9
MAPE: 1000.0000: 220,29,8,403,7,17,0.0819,0.4808,3
MAPE: 1000.0000: 42,27,6,366,7,4,0.0487,0.7386,6
MAPE: 1000.0000: 189,7,6,169,7,14,0.0921,0.4816,2
MAPE: 1000.0000: 490,33,4,392,10,9,0.0865,0.2589,7
MAPE: 1000.0000: 504,44,4,183,4,11,0.0485,0.4944,2
MAPE: 1000.0000: 43,39,7,373,8,7,0.0888,0.8386,2
MAPE: 1000.0000: 410,42,7,376,1,5,0.0829,0.7783,8
MAPE: 1000.0000: 463,45,9,207,5,9,0.0787,0.2753,9
MAPE: 0.0487: 252,30,1,11,1,9,0.0272,0.7096,4
MAPE: 1000.0000: 205,20,7,363,10,20,0.0504,0.2765,1
MAPE: 0.0476: 275,21,6,61,6,13,0.0012,0.2905,9
MAPE: 1000.0000: 423,7,4,255,9,3,0.0617,0.1123,1
MAPE: 0.8274: 444,10,5,312,7,9,0.0042,0.8418,8
MAPE: 1000.0000: 149,24,4,463,6,6,0.0349,0.6404,8
MAPE: 0.8274: 482,36,5,15,4,10,0.038,0.0411,10
MAPE: 1000.0000: 241,10,7,40,5,19,0.0458,0.0098,10
MAPE: 1000.0000: 99,45,9,137,9,19,0.0199,0.1605,2
MAPE: 0.8274: 412,9,5,14,3,11,0.0416,0.7126,9
MAPE: 1000.0000: 28,25,8,197,3,16,0.0181,0.177,1
MAPE: 1000.0000: 246,15,5,224,5,15,0.089,0.5716,9
MAPE: 1000.0000: 498,43,9,285,9,5,0.0331,0.6655,8
MAPE: 1000.0000: 469,28,9,452,4,17,0.0157,0.5167,5
MAPE: 0.8274: 386,18,4,342,1,13,0.0441,0.6441,1
MAPE: 1000.0000: 248,46,9,427,5,11,0.0221,0.1663,10
MAPE: 1000.0000: 196,8,3,430,9,4,0.0808,0.45,5
MAPE: 1000.0000: 357,1,9,212,9,7,0.094,0.4932,4
MAPE: 1000.0000: 247,13,4,15,6,2,0.0816,0.684,6
MAPE: 0.8274: 216,27,10,193,1,3,0.0333,0.8194,7
MAPE: 1000.0000: 300,43,9,11,7,9,0.0735,0.419,4
MAPE: 1000.0000: 382,8,6,421,3,15,0.0221,0.4378,1
MAPE: 0.8274: 464,20,3,454,2,17,0.0107,0.7296,3
MAPE: 1000.0000: 485,26,6,30,6,6,0.098,0.8882,2
MAPE: 1000.0000: 371,41,8,247,3,7,0.0148,0.1686,7
MAPE: 1000.0000: 257,20,3,100,6,11,0.0254,0.8531,4
MAPE: 1000.0000: 225,37,8,79,9,20,0.0499,0.0087,8
MAPE: 1000.0000: 427,16,8,246,8,5,0.0107,0.186,1
MAPE: 0.0464: 142,16,6,437,5,18,0.0011,0.5361,1
MAPE: 1000.0000: 261,21,4,208,9,14,0.012,0.4682,1
MAPE: 1000.0000: 503,30,8,483,7,7,0.0068,0.9829,8
MAPE: 1000.0000: 254,50,5,198,6,7,0.0658,0.547,9
MAPE: 1000.0000: 64,30,4,290,9,4,0.0418,0.0384,1
MAPE: 1000.0000: 275,30,8,306,2,13,0.0438,0.4576,6
MAPE: 0.0455: 260,34,7,189,9,14,0.0003,0.5145,10
MAPE: 1000.0000: 229,17,2,292,3,13,0.0772,0.6617,10
MAPE: 1000.0000: 374,9,4,383,8,14,0.0763,0.2318,8
MAPE: 1000.0000: 367,50,3,496,7,18,0.0834,0.029,8
MAPE: 1000.0000: 98,26,10,416,2,14,0.0713,0.1282,6
MAPE: 1000.0000: 54,6,5,392,3,6,0.0244,0.6334,4
MAPE: 1000.0000: 242,20,7,77,5,16,0.0924,0.3719,2
MAPE: 1000.0000: 162,6,8,191,7,20,0.0824,0.999,9
MAPE: 1000.0000: 124,21,5,80,8,3,0.0378,0.1213,6
MAPE: 1000.0000: 167,47,5,242,7,10,0.0337,0.0274,10
MAPE: 1000.0000: 26,18,4,360,9,6,0.0185,0.3627,9
MAPE: 1000.0000: 477,16,7,73,2,19,0.0527,0.8414,7
MAPE: 1000.0000: 365,17,5,170,7,9,0.0069,0.1197,8
MAPE: 1000.0000: 75,36,8,464,2,12,0.0735,0.637,8
MAPE: 1000.0000: 399,29,8,312,2,9,0.0188,0.2025,4
MAPE: 1000.0000: 244,44,7,245,6,14,0.0241,0.7667,9
MAPE: 0.8274: 50,21,1,392,10,9,0.0187,0.6716,2
MAPE: 1000.0000: 90,7,8,495,6,13,0.0602,0.7177,6
MAPE: 1000.0000: 267,6,8,477,8,4,0.0913,0.3969,7
MAPE: 1000.0000: 349,27,5,239,9,8,0.0468,0.9659,5
MAPE: 0.8274: 457,6,3,325,6,11,0.0054,0.617,10
MAPE: 0.8274: 182,49,4,198,2,6,0.0165,0.8038,10
MAPE: 0.8274: 155,50,3,320,2,6,0.0365,0.3123,6
MAPE: 0.8274: 147,43,3,21,3,2,0.0702,0.4922,7
MAPE: 1000.0000: 417,29,9,268,8,7,0.0056,0.8981,2
MAPE: 1000.0000: 236,27,3,364,8,17,0.0301,0.5849,5
MAPE: 1000.0000: 324,33,6,359,6,17,0.0509,0.3952,7
MAPE: 1000.0000: 88,44,3,249,4,4,0.0995,0.2019,3
MAPE: 1000.0000: 200,7,3,304,9,6,0.0676,0.3425,7
MAPE: 1000.0000: 79,26,5,491,8,9,0.0436,0.4488,4
MAPE: 2.6996: 54,39,7,22,6,13,0.017,0.2701,2
MAPE: 1000.0000: 138,49,5,323,3,16,0.0744,0.4907,5
MAPE: 1000.0000: 504,35,9,116,9,11,0.097,0.9586,4
MAPE: 2.6996: 190,17,1,459,1,2,0.0832,0.8872,3
MAPE: 0.0486: 60,15,4,169,4,6,0.0034,0.911,9
MAPE: 1000.0000: 61,37,8,76,3,15,0.0878,0.2325,8
MAPE: 1000.0000: 467,41,4,235,10,19,0.0767,0.1648,1
MAPE: 1000.0000: 368,4,2,189,8,13,0.0431,0.2232,6
MAPE: 1000.0000: 458,42,2,451,5,18,0.0338,0.6043,8
MAPE: 1000.0000: 340,38,10,361,3,3,0.0485,0.961,8
MAPE: 1000.0000: 406,34,7,159,3,10,0.0208,0.2531,3
MAPE: 0.8274: 67,33,1,400,3,4,0.0233,0.4176,7
MAPE: 0.0488: 393,8,3,99,7,5,0.0027,0.6407,1
MAPE: 1000.0000: 372,34,3,299,7,8,0.0131,0.3044,5
MAPE: 1000.0000: 314,28,10,331,5,7,0.0606,0.7149,8
MAPE: 0.0448: 52,38,6,328,3,10,0.0004,0.3532,7
MAPE: 1000.0000: 139,12,7,139,5,14,0.0538,0.4683,8
MAPE: 1000.0000: 39,22,4,233,4,18,0.0278,0.7059,6
MAPE: 1000.0000: 282,35,3,332,2,2,0.0701,0.0401,5
MAPE: 1000.0000: 46,44,5,341,10,4,0.0947,0.0471,8
MAPE: 0.8274: 389,7,9,17,6,10,0.0251,0.8767,5
MAPE: 0.8274: 207,35,3,16,1,17,0.0917,0.4198,9
MAPE: 1000.0000: 424,24,9,81,7,11,0.0415,0.9483,8
MAPE: 1000.0000: 208,46,3,47,8,14,0.0651,0.7647,9
MAPE: 1000.0000: 166,17,9,335,5,15,0.049,0.5345,4
MAPE: 1000.0000: 240,8,4,289,2,12,0.0666,0.2653,5
MAPE: 1000.0000: 117,27,3,481,4,15,0.0508,0.03,8
MAPE: 0.8274: 180,6,4,170,3,12,0.0067,0.0576,3
MAPE: 0.8274: 227,46,1,172,2,10,0.0369,0.1632,3
MAPE: 1000.0000: 346,27,9,258,8,16,0.0354,0.7804,8
MAPE: 1000.0000: 396,28,7,241,10,3,0.0701,0.4626,4
MAPE: 0.0484: 316,17,10,29,2,7,0.013,0.8432,3
MAPE: 1000.0000: 489,22,8,298,2,13,0.0117,0.7544,6
MAPE: 1000.0000: 495,43,10,294,6,7,0.0579,0.5987,7
MAPE: 1000.0000: 227,41,5,49,10,10,0.095,0.4167,1
MAPE: 1000.0000: 336,14,4,279,6,3,0.0274,0.0573,4
MAPE: 1000.0000: 16,7,2,300,8,19,0.0636,0.8625,8
MAPE: 0.8274: 148,14,8,306,1,15,0.0236,0.7005,9
MAPE: 1000.0000: 247,23,5,297,7,14,0.0406,0.6506,9
MAPE: 1000.0000: 27,33,2,91,10,16,0.0356,0.7702,9
MAPE: 0.0499: 196,10,1,349,1,1,0.0386,0.4874,5
MAPE: 0.8274: 489,28,2,312,3,4,0.0073,0.087,6
MAPE: 1000.0000: 249,10,3,327,6,10,0.053,0.6397,5
MAPE: 1000.0000: 53,28,3,44,10,14,0.0783,0.7847,7
MAPE: 1000.0000: 499,44,6,28,9,20,0.0332,0.8405,7
MAPE: 1000.0000: 31,35,9,348,6,14,0.003,0.0049,8
MAPE: 0.1525: 197,38,3,7,2,6,0.0755,0.9137,4
MAPE: 1000.0000: 359,43,1,268,9,2,0.0736,0.1083,4
MAPE: 1000.0000: 415,39,2,322,8,4,0.041,0.176,7
MAPE: 1000.0000: 368,8,3,422,7,5,0.0778,0.4412,5
MAPE: 1000.0000: 43,13,3,134,4,20,0.071,0.2697,9
MAPE: 1000.0000: 223,43,6,389,9,17,0.0289,0.5911,8
MAPE: 1000.0000: 50,3,7,405,7,8,0.0414,0.1523,7
MAPE: 1000.0000: 285,7,4,455,9,12,0.0249,0.7884,5
MAPE: 0.8274: 415,35,1,440,1,18,0.0593,0.1431,3
MAPE: 1000.0000: 490,8,4,249,6,17,0.0097,0.0463,8
MAPE: 1000.0000: 234,13,8,138,8,17,0.0571,0.422,6
MAPE: 1000.0000: 229,34,2,464,4,17,0.0788,0.772,10
MAPE: 1000.0000: 388,49,4,247,5,12,0.0167,0.3,9
MAPE: 1000.0000: 308,12,5,446,4,5,0.0223,0.3983,3
MAPE: 1000.0000: 177,23,6,199,8,8,0.025,0.6034,8
MAPE: 1000.0000: 197,28,10,440,5,7,0.0702,0.7989,4
MAPE: 1000.0000: 31,25,8,287,1,18,0.097,0.1934,3
MAPE: 1000.0000: 378,40,9,445,2,8,0.086,0.6504,4
MAPE: 0.8274: 51,25,1,398,4,16,0.0107,0.2905,8
MAPE: 1000.0000: 89,3,5,437,7,5,0.077,0.4742,7
MAPE: 1000.0000: 97,18,6,465,7,8,0.0071,0.0797,3
MAPE: 1000.0000: 444,35,9,139,3,6,0.053,0.9033,7
MAPE: 1000.0000: 339,1,7,153,7,6,0.0273,0.5354,9
MAPE: 1000.0000: 328,31,3,463,4,15,0.0704,0.9405,3
MAPE: 1000.0000: 59,28,6,233,5,14,0.0941,0.549,2
MAPE: 1000.0000: 447,40,8,89,5,13,0.0487,0.7408,8
MAPE: 1000.0000: 54,5,3,377,5,13,0.0616,0.3101,4
MAPE: 1000.0000: 448,38,5,215,2,19,0.0787,0.8404,1
MAPE: 1000.0000: 326,49,9,302,7,7,0.0798,0.0096,5
MAPE: 1000.0000: 75,17,7,60,4,9,0.0758,0.1156,5
MAPE: 1000.0000: 117,16,2,172,9,20,0.0862,0.9914,3
MAPE: 1000.0000: 52,48,5,38,9,16,0.0862,0.2713,8
MAPE: 1000.0000: 462,40,5,66,7,18,0.0629,0.7053,2
MAPE: 0.8274: 503,1,4,284,4,12,0.0046,0.0341,3
MAPE: 1000.0000: 293,33,8,418,3,18,0.0084,0.8283,9
MAPE: 0.8274: 500,37,7,97,5,12,0.0061,0.9704,4
MAPE: 0.8274: 460,31,6,37,2,10,0.0674,0.9548,9
MAPE: 1000.0000: 129,10,7,387,8,6,0.053,0.3182,3
MAPE: 1000.0000: 49,26,3,436,9,5,0.0831,0.0879,1
MAPE: 0.8274: 266,11,4,153,1,9,0.0456,0.8572,8
MAPE: 0.0492: 211,17,2,7,5,14,0.0112,0.2969,3
MAPE: 1000.0000: 108,1,6,291,8,14,0.0785,0.6272,10
MAPE: 1000.0000: 403,37,7,465,8,10,0.0425,0.9569,6
MAPE: 0.8274: 279,1,8,22,3,3,0.0246,0.8026,6
MAPE: 1000.0000: 197,25,10,368,5,7,0.0254,0.1148,4
MAPE: 1000.0000: 88,14,6,168,10,2,0.077,0.9885,2
MAPE: 1000.0000: 202,38,6,163,2,3,0.0481,0.3723,8
MAPE: 0.8274: 286,4,1,73,4,4,0.0774,0.1175,5
MAPE: 1000.0000: 66,26,6,259,7,8,0.0378,0.6558,6
MAPE: 1000.0000: 392,4,6,174,8,3,0.0581,0.8558,4
MAPE: 1000.0000: 247,30,7,312,3,14,0.051,0.6371,5
MAPE: 1000.0000: 205,31,8,373,2,8,0.0213,0.7018,2
MAPE: 1000.0000: 307,44,5,377,7,11,0.0797,0.2323,2
MAPE: 0.0460: 226,35,3,96,2,19,0.0082,0.861,7
MAPE: 1000.0000: 205,4,6,459,9,16,0.0383,0.5183,2
MAPE: 1000.0000: 395,21,7,377,4,5,0.0984,0.7617,9
MAPE: 1000.0000: 415,41,6,327,3,7,0.0266,0.1711,2
MAPE: 1000.0000: 381,10,8,353,8,10,0.0572,0.0609,5
MAPE: 1000.0000: 127,45,5,237,6,2,0.072,0.257,7
MAPE: 0.0453: 206,39,2,32,4,17,0.0019,0.3715,5
MAPE: 1000.0000: 312,39,9,64,4,7,0.0323,0.495,4
MAPE: 1000.0000: 388,28,4,139,6,1,0.0522,0.6021,9
MAPE: 1000.0000: 88,15,2,230,9,2,0.0996,0.6203,7
MAPE: 0.8274: 463,27,4,388,3,13,0.0119,0.934,2
MAPE: 1000.0000: 94,49,6,93,7,1,0.077,0.812,4
MAPE: 1000.0000: 365,38,2,400,10,16,0.0951,0.4217,4
MAPE: 0.9327: 375,6,8,9,2,10,0.0632,0.3884,6
MAPE: 0.8274: 231,27,1,418,3,12,0.0353,0.7784,3
MAPE: 1000.0000: 118,27,7,72,4,12,0.0217,0.149,4
MAPE: 1000.0000: 505,17,9,313,5,19,0.0497,0.9868,3
MAPE: 1000.0000: 361,39,7,437,6,15,0.0044,0.4241,6
MAPE: 0.9410: 313,4,8,4,10,12,0.0157,0.7752,1
MAPE: 1000.0000: 182,38,9,240,4,16,0.0976,0.2325,8
MAPE: 0.0515: 116,40,3,16,7,11,0.0227,0.771,9
MAPE: 1000.0000: 321,22,6,58,9,12,0.0161,0.9917,9
MAPE: 1000.0000: 495,12,3,220,5,13,0.0758,0.7654,9
MAPE: 1000.0000: 246,42,7,416,4,5,0.0142,0.33,7
MAPE: 0.8274: 140,29,3,446,7,10,0.0052,0.7636,10
MAPE: 1000.0000: 335,14,2,132,4,5,0.0856,0.0994,5
MAPE: 1000.0000: 107,15,3,227,6,15,0.0823,0.8107,9
MAPE: 1000.0000: 389,26,6,107,7,19,0.0997,0.9204,9
MAPE: 1000.0000: 303,16,4,480,8,10,0.0452,0.463,9
MAPE: 1000.0000: 231,29,9,13,4,12,0.0442,0.7165,9
MAPE: 1000.0000: 110,42,8,394,5,10,0.087,0.2291,7
MAPE: 1000.0000: 46,42,5,493,5,14,0.0408,0.3231,6
MAPE: 0.8274: 88,17,1,115,9,15,0.0388,0.9323,7
MAPE: 1000.0000: 163,30,7,167,6,14,0.0525,0.895,4
MAPE: 1000.0000: 59,41,10,306,7,17,0.0427,0.9177,10
MAPE: 1000.0000: 19,42,2,330,9,6,0.0157,0.1394,7
MAPE: 0.8274: 376,30,2,396,2,18,0.0132,0.5431,4
MAPE: 1000.0000: 107,7,7,495,10,9,0.0198,0.9538,6
MAPE: 1000.0000: 79,29,4,172,5,4,0.0184,0.0368,8
MAPE: 0.8274: 245,38,2,132,1,12,0.0352,0.9928,8
MAPE: 0.8274: 138,10,4,103,2,7,0.0622,0.2128,2
MAPE: 0.8274: 17,3,3,49,2,18,0.0761,0.4349,6
MAPE: 1000.0000: 325,34,10,442,9,11,0.0637,0.1566,3
MAPE: 1000.0000: 502,26,9,444,9,4,0.0077,0.1165,8
MAPE: 0.9081: 403,47,3,2,7,14,0.0862,0.8545,8
MAPE: 1000.0000: 148,38,4,318,2,5,0.0549,0.3692,9
MAPE: 0.8274: 219,20,3,37,2,13,0.0207,0.9479,8
MAPE: 0.8274: 59,31,2,19,7,4,0.0688,0.7241,8
MAPE: 0.8274: 130,33,5,262,1,19,0.0212,0.1349,4
MAPE: 1000.0000: 305,36,9,331,5,4,0.0182,0.3042,4
MAPE: 1000.0000: 75,12,8,200,9,6,0.0652,0.0306,6
MAPE: 1000.0000: 470,12,9,344,2,1,0.017,0.4325,8
MAPE: 0.0537: 111,7,2,161,3,8,0.007,0.8137,4
MAPE: 1000.0000: 267,17,4,214,7,16,0.0447,0.4405,7
MAPE: 1000.0000: 425,31,4,367,7,18,0.0136,0.478,4
MAPE: 1000.0000: 121,1,8,331,4,19,0.0028,0.7761,8
MAPE: 1000.0000: 63,29,8,12,4,10,0.0953,0.1873,2
MAPE: 0.8274: 264,31,1,333,8,14,0.0087,0.4056,8
MAPE: 0.8274: 403,8,1,327,5,4,0.031,0.3411,5
MAPE: 1000.0000: 175,33,7,416,8,18,0.0588,0.4166,9
MAPE: 1000.0000: 511,12,7,459,3,5,0.0899,0.2977,9
MAPE: 1000.0000: 170,31,8,76,2,1,0.0963,0.1075,7
MAPE: 1000.0000: 306,35,6,361,5,10,0.0252,0.0121,3
MAPE: 1000.0000: 418,46,7,278,3,19,0.0878,0.5174,4
MAPE: 1000.0000: 466,23,5,343,6,18,0.068,0.1835,9
MAPE: 1000.0000: 190,4,10,254,2,8,0.0531,0.7116,2
MAPE: 1000.0000: 231,3,7,209,9,16,0.0364,0.9357,2
MAPE: 1000.0000: 84,18,10,445,5,16,0.0735,0.1607,5
MAPE: 1000.0000: 225,45,7,81,3,8,0.0728,0.1561,5
MAPE: 1000.0000: 328,8,3,452,9,13,0.0142,0.0935,3
MAPE: 0.8274: 245,29,5,94,7,19,0.0073,0.099,6
MAPE: 0.8274: 375,33,4,213,1,7,0.0723,0.2155,4
MAPE: 1000.0000: 155,35,2,279,4,7,0.0917,0.0261,3
MAPE: 0.8274: 199,41,2,324,1,17,0.055,0.3791,8
MAPE: 1000.0000: 501,44,6,221,6,10,0.0635,0.9462,5
MAPE: 1000.0000: 510,9,8,471,10,10,0.0094,0.6417,6
MAPE: 0.8274: 107,20,4,3,5,10,0.0913,0.6536,4
MAPE: 1000.0000: 444,27,7,154,3,6,0.0166,0.7082,3
MAPE: 1000.0000: 222,47,10,244,5,9,0.0277,0.2408,8
MAPE: 1000.0000: 50,18,8,467,8,12,0.0377,0.4835,5
MAPE: 1000.0000: 228,34,4,344,3,12,0.0935,0.2623,8
MAPE: 1000.0000: 106,43,9,490,5,4,0.0092,0.1574,10
MAPE: 1000.0000: 87,13,2,180,4,5,0.0692,0.4528,6
MAPE: 1000.0000: 512,17,3,466,3,9,0.0712,0.7923,9
MAPE: 1000.0000: 70,17,8,51,5,4,0.0954,0.4936,3
MAPE: 1000.0000: 167,10,7,225,5,11,0.0094,0.0124,5
MAPE: 1000.0000: 147,24,10,403,9,18,0.0784,0.0397,5
MAPE: 0.0463: 450,18,4,304,5,2,0.004,0.8548,6
MAPE: 1000.0000: 296,47,8,57,2,11,0.0516,0.9727,6
MAPE: 0.8274: 312,16,4,11,2,15,0.098,0.9863,9
MAPE: 1000.0000: 423,42,9,182,3,5,0.0106,0.2247,7
MAPE: 1000.0000: 181,42,6,437,6,17,0.0764,0.7831,7
MAPE: 1000.0000: 369,34,3,385,7,11,0.0687,0.5033,5
MAPE: 1000.0000: 481,21,5,434,9,20,0.0545,0.5987,6
MAPE: 1000.0000: 128,50,8,327,7,6,0.0573,0.2068,7
MAPE: 2.6996: 334,32,7,7,8,7,0.034,0.1612,2
MAPE: 0.8274: 434,18,10,29,8,18,0.0401,0.3425,3
MAPE: 0.8274: 460,23,5,476,1,13,0.0807,0.2047,3
MAPE: 1000.0000: 204,5,7,166,9,18,0.0364,0.0574,2
MAPE: 1000.0000: 458,16,2,368,9,19,0.0447,0.3225,1
MAPE: 0.8274: 116,14,3,416,9,2,0.0057,0.4236,9
MAPE: 1000.0000: 317,5,8,354,10,15,0.0283,0.137,6
MAPE: 0.8274: 358,5,5,82,7,3,0.0118,0.8162,9
MAPE: 0.8274: 21,31,10,12,10,5,0.0146,0.206,4
MAPE: 1000.0000: 466,4,5,54,7,8,0.0382,0.4729,5
MAPE: 1000.0000: 97,9,2,246,9,6,0.0178,0.749,5
MAPE: 1000.0000: 225,48,8,122,10,5,0.0474,0.2435,5
MAPE: 1000.0000: 220,47,3,368,6,11,0.0307,0.5963,5
MAPE: 1000.0000: 118,24,2,293,7,7,0.043,0.0732,5
MAPE: 1000.0000: 110,5,7,335,6,3,0.037,0.2341,2
MAPE: 1000.0000: 417,7,6,235,10,1,0.0548,0.7537,7
MAPE: 1000.0000: 91,19,7,470,4,18,0.0947,0.7969,3
MAPE: 1000.0000: 179,20,7,233,3,10,0.0227,0.3964,6
MAPE: 1000.0000: 266,22,8,477,7,8,0.0887,0.8691,7
MAPE: 1000.0000: 51,19,3,196,5,1,0.0416,0.7446,4
MAPE: 1000.0000: 94,49,6,123,4,5,0.0567,0.7733,5
MAPE: 1000.0000: 361,40,5,152,4,8,0.0129,0.4479,7
MAPE: 1000.0000: 482,19,9,382,4,9,0.0682,0.4477,3
MAPE: 1000.0000: 142,16,4,348,7,18,0.0817,0.3339,10
MAPE: 1000.0000: 345,26,2,201,8,20,0.075,0.1084,9
MAPE: 0.8274: 405,14,3,390,1,18,0.027,0.9503,7
MAPE: 1000.0000: 287,37,10,315,4,14,0.0347,0.0722,7
MAPE: 0.1146: 334,33,1,19,3,5,0.055,0.346,6
MAPE: 2.6996: 359,19,9,35,8,16,0.0826,0.0496,1
MAPE: 0.8274: 316,20,4,93,9,5,0.0052,0.4634,8
MAPE: 1000.0000: 198,27,9,431,2,4,0.0919,0.9505,9
MAPE: 1000.0000: 143,45,8,466,4,4,0.0851,0.756,8
MAPE: 1000.0000: 52,49,7,316,8,10,0.0029,0.7138,2
MAPE: 1000.0000: 112,20,2,170,7,8,0.0723,0.5612,6
MAPE: 0.8274: 498,31,4,375,1,2,0.0352,0.2969,8
MAPE: 1000.0000: 349,22,4,198,8,10,0.0389,0.6071,9
MAPE: 1000.0000: 169,14,8,439,8,4,0.0884,0.3954,6
MAPE: 1000.0000: 298,34,8,288,4,4,0.0252,0.0075,5
MAPE: 1000.0000: 482,23,8,138,10,17,0.0102,0.4453,1
MAPE: 1000.0000: 354,46,7,481,2,11,0.0812,0.6702,1
MAPE: 1000.0000: 465,41,7,271,8,10,0.062,0.4724,5
MAPE: 1000.0000: 134,30,4,481,7,4,0.0411,0.8611,9
MAPE: 1000.0000: 466,13,8,466,4,2,0.0336,0.3688,8
MAPE: 1000.0000: 38,44,7,383,7,13,0.0314,0.3127,7
MAPE: 0.8274: 278,20,1,398,6,17,0.0606,0.6624,8
MAPE: 1000.0000: 128,47,9,409,9,16,0.0399,0.2992,6
MAPE: 0.8274: 391,4,2,146,9,14,0.0109,0.6068,10
MAPE: 0.0460: 393,44,5,35,8,4,0.0032,0.5343,8
MAPE: 1000.0000: 28,15,6,438,5,6,0.0198,0.3301,6
MAPE: 1000.0000: 464,3,4,381,5,8,0.0558,0.4784,8
MAPE: 0.8274: 100,39,4,249,5,9,0.0038,0.6188,7
MAPE: 1000.0000: 343,48,5,197,5,13,0.0689,0.962,6
MAPE: 1000.0000: 427,27,3,390,7,6,0.0337,0.5653,1
MAPE: 1000.0000: 392,18,5,280,4,8,0.0196,0.1362,2
MAPE: 1000.0000: 421,41,10,140,3,20,0.0333,0.5003,8
MAPE: 1000.0000: 482,26,5,299,5,14,0.049,0.3126,9
MAPE: 1000.0000: 103,22,5,413,9,17,0.03,0.1009,10
MAPE: 0.8274: 472,42,3,202,1,13,0.0503,0.9387,3
MAPE: 1000.0000: 220,2,8,236,9,13,0.0318,0.6032,10
MAPE: 1000.0000: 274,26,9,203,8,20,0.054,0.1833,3
MAPE: 1000.0000: 411,46,7,360,3,4,0.0331,0.7153,3
MAPE: 1000.0000: 316,36,2,280,7,4,0.0955,0.3492,2
MAPE: 1000.0000: 345,19,6,157,2,13,0.0338,0.1934,9
MAPE: 2.6996: 280,14,8,34,9,2,0.0193,0.4912,7
MAPE: 0.0486: 420,18,7,28,3,8,0.0038,0.1904,10
MAPE: 0.0512: 504,5,2,110,2,5,0.0161,0.7653,4
Step: 0, min MAPE: 0.044753317, hyperparameter: [52.06030684750381, 38.02120993496571, 5.562973353027959, 328.4216656238993, 2.9760593688013937, 10.109558752667537, 0.0004046886521190746, 0.3532235818696552, 7.274571795381346]
Data: 1, Round: 0, Step 1
MAPE: 0.0469: 310,33,6,362,4,3,0.0008,0.9151,10
MAPE: 0.8274: 313,19,5,77,9,1,0.0086,0.2195,8
MAPE: 0.0478: 252,48,4,11,1,9,0.0272,0.8598,10
MAPE: 0.0464: 275,31,6,38,10,13,0.0012,0.2905,5
MAPE: 0.8274: 92,3,6,437,2,18,0.0051,0.5361,1
MAPE: 0.0450: 260,34,6,189,2,14,0.0003,0.5145,10
MAPE: 0.0467: 114,15,9,172,2,6,0.0034,0.841,9
MAPE: 0.0451: 393,30,3,99,7,5,0.0027,0.8003,8
MAPE: 0.0584: 115,38,6,224,3,10,0.0004,0.6552,7
MAPE: 2.6996: 316,17,9,29,5,12,0.013,0.8432,3
MAPE: 0.8274: 487,22,5,349,1,2,0.0386,0.6481,5
MAPE: 0.0475: 211,30,4,8,5,14,0.0044,0.2969,7
MAPE: 0.0458: 226,35,3,178,2,19,0.0082,0.861,7
MAPE: 0.0453: 206,39,2,32,4,17,0.0019,0.3715,5
MAPE: 0.0472: 116,22,3,16,7,16,0.0227,0.771,9
MAPE: 1000.0000: 111,21,4,161,4,8,0.0192,0.8137,4
MAPE: 0.8274: 450,18,4,304,5,13,0.004,0.6248,7
MAPE: 0.8274: 393,44,6,35,8,4,0.019,0.7317,10
MAPE: 0.8274: 420,18,7,28,5,8,0.017,0.1904,10
MAPE: 0.8274: 504,5,7,228,2,15,0.0161,0.798,4
Step: 1, min MAPE: 0.044753317, hyperparameter: [52.06030684750381, 38.02120993496571, 5.562973353027959, 328.4216656238993, 2.9760593688013937, 10.109558752667537, 0.0004046886521190746, 0.3532235818696552, 7.274571795381346]
Data: 1, Round: 0, Step 2
MAPE: 0.8274: 310,49,7,362,10,6,0.0008,0.9151,10
MAPE: 0.8274: 229,19,5,64,5,1,0.0197,0.1546,5
MAPE: 0.8274: 252,48,4,110,1,9,0.0272,0.8598,10
MAPE: 0.8274: 275,31,6,331,5,13,0.0012,0.2905,9
MAPE: 1000.0000: 142,16,3,437,5,18,0.0122,0.5361,1
MAPE: 0.0461: 260,34,6,189,4,14,0.0003,0.7907,10
MAPE: 0.8274: 114,36,9,172,3,16,0.0034,0.3514,9
MAPE: 0.8274: 12,38,3,333,4,5,0.0082,0.8003,9
MAPE: 0.0445: 52,38,6,328,3,13,0.0004,0.5814,7
MAPE: 0.1138: 316,17,4,29,2,7,0.0068,0.4101,3
MAPE: 0.8274: 98,10,1,349,1,15,0.0386,0.4874,5
MAPE: 0.8274: 211,30,4,8,7,14,0.0132,0.3519,7
MAPE: 1000.0000: 226,35,3,246,7,19,0.0186,0.861,3
MAPE: 0.0450: 227,39,2,32,8,11,0.0077,0.3715,5
MAPE: 0.8274: 83,22,4,16,7,16,0.0227,0.4355,9
MAPE: 0.8274: 303,19,2,161,3,8,0.007,0.5982,4
MAPE: 0.8274: 130,18,4,182,5,2,0.005,0.8548,6
MAPE: 0.0464: 393,44,5,61,8,6,0.0032,0.5343,6
MAPE: 0.0470: 420,18,7,40,3,8,0.0038,0.6552,10
MAPE: 0.0478: 328,19,2,110,2,7,0.0186,0.3542,4
Step: 2, min MAPE: 0.04451172, hyperparameter: [52.06030684750381, 38.02120993496571, 5.562973353027959, 328.4216656238993, 2.9760593688013937, 13.08248042393934, 0.0004046886521190746, 0.5814469520198783, 7.274571795381346]
Data: 1, Round: 0, Step 3
MAPE: 0.8274: 310,38,5,30,10,3,0.0085,0.6746,10
MAPE: 1000.0000: 229,19,5,77,7,1,0.0324,0.2195,9
MAPE: 0.8274: 44,39,4,290,1,12,0.0272,0.8598,10
MAPE: 1000.0000: 275,15,6,38,9,13,0.0326,0.2905,5
MAPE: 0.8274: 142,16,6,26,5,18,0.0011,0.5361,1
MAPE: 0.0458: 260,23,5,189,4,2,0.0025,0.5145,10
MAPE: 0.0446: 114,24,9,172,2,6,0.0034,0.841,9
MAPE: 0.0451: 393,31,5,99,6,5,0.0027,0.8003,8
MAPE: 1000.0000: 382,38,6,328,5,13,0.0075,0.5814,7
MAPE: 0.0478: 316,17,3,29,2,6,0.013,0.8432,5
MAPE: 0.8274: 196,10,6,36,1,4,0.0386,0.5565,8
MAPE: 0.9236: 211,21,4,8,9,14,0.0269,0.2969,7
MAPE: 0.8274: 226,35,3,424,2,1,0.0082,0.861,7
MAPE: 0.0445: 351,39,2,32,5,6,0.0077,0.7621,5
MAPE: 0.8274: 116,22,3,25,7,16,0.0227,0.771,9
MAPE: 0.0535: 111,7,4,161,3,3,0.007,0.8137,4
MAPE: 1000.0000: 450,14,2,304,8,2,0.0343,0.6877,6
MAPE: 0.0442: 393,44,2,62,7,4,0.0032,0.6775,8
MAPE: 0.0472: 409,18,7,40,3,1,0.0038,0.9868,7
MAPE: 0.1255: 328,19,2,5,2,15,0.0099,0.4779,4
Step: 3, min MAPE: 0.044220515, hyperparameter: [393.160836117564, 43.51103741514712, 2.1544922025149473, 62.470859851953364, 7.206041739621503, 4.236419695169909, 0.003213362089089021, 0.6775238867818877, 7.9282656286508395]
Data: 1, Round: 0, Step 4
MAPE: 1000.0000: 310,20,7,362,10,3,0.0175,0.33,10
MAPE: 0.8274: 229,19,5,77,6,1,0.0086,0.2195,1
MAPE: 0.1430: 224,48,3,11,2,19,0.0092,0.8598,10
MAPE: 0.0481: 146,17,6,38,10,13,0.0012,0.4382,5
MAPE: 0.8274: 371,16,5,116,5,18,0.0025,0.5361,8
MAPE: 0.0452: 260,34,6,189,2,14,0.0003,0.3097,10
MAPE: 0.8274: 367,24,9,172,2,6,0.0049,0.841,9
MAPE: 0.0456: 393,31,5,99,3,12,0.0027,0.6079,7
MAPE: 0.0464: 415,38,6,328,5,13,0.0004,0.5814,7
MAPE: 0.0475: 316,17,3,29,4,3,0.013,0.7679,5
MAPE: 0.8274: 41,10,1,401,1,1,0.0386,0.6719,5
MAPE: 0.0496: 162,30,4,8,5,16,0.0044,0.2969,2
MAPE: 0.0448: 226,35,4,178,2,3,0.0071,0.861,4
MAPE: 0.1437: 351,37,6,32,3,11,0.0077,0.6719,5
MAPE: 0.0462: 362,22,3,16,7,16,0.005,0.771,9
MAPE: 0.0550: 111,7,4,131,3,3,0.007,0.3016,4
MAPE: 0.8274: 450,19,4,304,5,2,0.0064,0.8548,6
MAPE: 0.0454: 393,44,2,62,7,19,0.0032,0.4253,1
MAPE: 0.8274: 420,18,7,40,5,17,0.0038,0.5708,10
MAPE: 0.0446: 384,30,2,110,2,7,0.0029,0.8081,4
Step: 4, min MAPE: 0.044220515, hyperparameter: [393.160836117564, 43.51103741514712, 2.1544922025149473, 62.470859851953364, 7.206041739621503, 4.236419695169909, 0.003213362089089021, 0.6775238867818877, 7.9282656286508395]
Data: 1, Round: 0, Step 5
MAPE: 1000.0000: 401,49,7,362,10,8,0.0077,0.9151,10
MAPE: 0.8274: 229,19,5,114,9,1,0.0086,0.2195,4
MAPE: 1000.0000: 252,36,4,369,3,15,0.0272,0.8598,7
MAPE: 0.8274: 310,31,6,38,10,13,0.013,0.2905,5
MAPE: 0.0458: 142,32,3,87,5,8,0.0011,0.7779,1
MAPE: 0.8274: 260,34,6,305,2,14,0.0032,0.5145,6
MAPE: 0.0455: 114,24,9,172,2,14,0.0034,0.841,9
MAPE: 0.8274: 393,31,5,88,3,5,0.0081,0.6255,9
MAPE: 0.0462: 52,38,6,176,3,13,0.0004,0.5814,7
MAPE: 0.0467: 316,17,3,177,3,3,0.0069,0.7679,3
MAPE: 0.8274: 196,10,6,349,1,1,0.0092,0.4874,9
MAPE: 0.1086: 211,30,4,8,3,14,0.0044,0.817,7
MAPE: 0.0463: 226,18,4,178,2,7,0.0071,0.6498,4
MAPE: 0.0466: 429,18,2,62,2,6,0.0084,0.7621,9
MAPE: 0.0460: 362,22,3,16,7,3,0.005,0.8075,9
MAPE: 0.0542: 111,7,7,161,3,3,0.0038,0.6552,4
MAPE: 0.0463: 144,18,4,304,5,2,0.004,0.8548,6
MAPE: 0.0454: 393,44,2,62,2,4,0.0022,0.7756,8
MAPE: 0.0466: 420,18,7,359,3,8,0.0005,0.6552,6
MAPE: 0.0446: 421,30,2,110,2,7,0.0091,0.8081,4
Step: 5, min MAPE: 0.044220515, hyperparameter: [393.160836117564, 43.51103741514712, 2.1544922025149473, 62.470859851953364, 7.206041739621503, 4.236419695169909, 0.003213362089089021, 0.6775238867818877, 7.9282656286508395]
