Data: 3, Round: 0, Step 0
MAPE: 1000.0000: 235,2,3,274,8,15,0.0697,0.0097,9
MAPE: 0.9525: 158,4,2,455,2,14,0.0694,0.0087,1
MAPE: 0.9525: 76,9,7,97,3,18,0.0062,0.4726,4
MAPE: 1000.0000: 181,7,8,334,9,15,0.0647,0.1208,6
MAPE: 1000.0000: 301,12,4,82,3,9,0.0724,0.162,6
MAPE: 1000.0000: 348,49,9,372,3,4,0.0294,0.2746,10
MAPE: 1000.0000: 193,8,6,256,2,10,0.0659,0.1981,6
MAPE: 1.3306: 305,12,5,16,8,7,0.0574,0.9517,5
MAPE: 1000.0000: 283,43,8,183,7,5,0.0621,0.4299,8
MAPE: 0.9525: 379,7,1,279,2,18,0.0628,0.0251,5
MAPE: 1000.0000: 159,26,9,267,6,7,0.0462,0.9019,8
MAPE: 0.9525: 493,4,8,48,3,2,0.0246,0.5558,6
MAPE: 1000.0000: 294,47,7,436,6,5,0.0531,0.4174,6
MAPE: 1000.0000: 147,34,9,449,9,14,0.0076,0.3544,1
MAPE: 1000.0000: 382,34,10,375,6,19,0.0236,0.1328,2
MAPE: 1000.0000: 43,49,10,392,4,3,0.0197,0.3925,6
MAPE: 1000.0000: 38,32,6,446,5,8,0.0415,0.2508,6
MAPE: 1000.0000: 237,5,3,63,5,12,0.0417,0.7562,4
MAPE: 1000.0000: 115,33,9,58,4,8,0.0362,0.6911,10
MAPE: 1000.0000: 142,22,8,387,4,13,0.0724,0.8849,10
MAPE: 1000.0000: 24,26,9,197,3,10,0.055,0.0691,8
MAPE: 1000.0000: 42,46,10,28,5,5,0.0832,0.9639,9
MAPE: 1000.0000: 107,13,7,448,4,4,0.0806,0.9373,5
MAPE: 1000.0000: 469,38,5,36,8,13,0.0706,0.6196,8
MAPE: 1000.0000: 142,24,4,150,3,13,0.0704,0.1817,3
MAPE: 1000.0000: 248,37,7,390,7,8,0.0164,0.5797,4
MAPE: 1000.0000: 212,30,7,221,1,12,0.0938,0.9897,4
MAPE: 1000.0000: 321,2,6,253,9,8,0.0604,0.2245,9
MAPE: 1000.0000: 508,6,5,386,5,7,0.0853,0.9862,4
MAPE: 1000.0000: 113,25,6,237,3,18,0.0526,0.075,3
MAPE: 1000.0000: 56,31,10,89,8,6,0.0317,0.5953,4
MAPE: 1000.0000: 306,12,5,189,9,13,0.0866,0.941,2
MAPE: 1000.0000: 406,36,6,270,3,5,0.0541,0.9291,7
MAPE: 1000.0000: 447,8,8,297,7,12,0.0211,0.9581,2
MAPE: 1000.0000: 44,31,6,70,7,15,0.05,0.3535,2
MAPE: 1000.0000: 194,45,9,440,6,18,0.0405,0.8478,2
MAPE: 1000.0000: 380,5,6,144,2,10,0.0382,0.7161,8
MAPE: 1000.0000: 285,2,4,274,2,18,0.0619,0.6451,6
MAPE: 1000.0000: 256,41,10,213,2,19,0.0089,0.3923,3
MAPE: 1000.0000: 421,41,6,282,10,16,0.0946,0.4391,8
MAPE: 1000.0000: 26,12,8,373,2,17,0.0409,0.3969,5
MAPE: 0.9525: 18,14,1,25,3,16,0.0996,0.1803,1
MAPE: 1000.0000: 473,25,8,389,9,16,0.0035,0.6019,3
MAPE: 0.9525: 89,2,2,189,3,11,0.0864,0.7199,3
MAPE: 1000.0000: 200,47,4,150,5,12,0.0604,0.7839,1
MAPE: 1000.0000: 316,11,7,140,7,19,0.0897,0.7056,3
MAPE: 1000.0000: 222,26,3,251,8,9,0.015,0.1501,5
MAPE: 1000.0000: 252,44,5,326,9,6,0.0397,0.7216,3
MAPE: 1000.0000: 292,21,7,258,4,12,0.0999,0.0075,9
MAPE: 1000.0000: 396,19,3,198,6,2,0.0191,0.5608,6
MAPE: 0.9525: 451,20,2,56,9,16,0.019,0.114,9
MAPE: 1000.0000: 180,15,8,420,6,18,0.0106,0.7205,10
MAPE: 1000.0000: 363,4,4,259,8,10,0.0669,0.7077,3
MAPE: 1000.0000: 254,18,8,452,8,10,0.0656,0.865,5
MAPE: 1000.0000: 131,21,3,269,9,14,0.0166,0.0011,5
MAPE: 1000.0000: 445,31,3,432,7,4,0.0519,0.1924,9
MAPE: 1000.0000: 407,24,6,191,3,10,0.0885,0.054,6
MAPE: 1000.0000: 483,26,10,202,9,18,0.0793,0.013,1
MAPE: 0.9525: 450,41,3,181,9,5,0.0065,0.9727,8
MAPE: 1000.0000: 269,18,2,82,9,9,0.0784,0.9647,8
MAPE: 1000.0000: 411,10,4,191,10,18,0.0655,0.6352,7
MAPE: 1000.0000: 486,14,4,340,2,14,0.0436,0.8856,7
MAPE: 1000.0000: 178,29,4,254,4,20,0.0356,0.2949,5
MAPE: 1000.0000: 264,46,9,445,8,5,0.014,0.2673,3
MAPE: 1000.0000: 286,24,9,435,8,6,0.0157,0.5979,7
MAPE: 1000.0000: 185,33,1,248,7,3,0.0679,0.503,3
MAPE: 0.9525: 50,42,2,365,1,16,0.0794,0.98,2
MAPE: 1000.0000: 209,4,1,455,9,7,0.0648,0.618,4
MAPE: 1000.0000: 489,32,5,263,5,11,0.0819,0.3383,4
MAPE: 0.9525: 65,26,4,93,1,7,0.0597,0.3064,9
MAPE: 1000.0000: 137,17,4,458,7,7,0.0722,0.3798,8
MAPE: 1.1682: 424,32,4,6,6,19,0.089,0.1095,4
MAPE: 0.9525: 289,45,3,169,2,15,0.0808,0.2219,3
MAPE: 1000.0000: 510,17,9,48,9,14,0.0991,0.6076,6
MAPE: 0.9525: 399,11,1,74,3,17,0.0779,0.8829,3
MAPE: 1000.0000: 196,30,9,133,2,16,0.0476,0.7617,5
MAPE: 1000.0000: 349,29,10,393,10,2,0.0266,0.4278,8
MAPE: 1000.0000: 89,30,6,140,4,4,0.0631,0.2371,2
MAPE: 0.9525: 117,12,5,486,8,15,0.0022,0.1388,6
MAPE: 0.9525: 157,19,1,336,1,14,0.0742,0.8027,5
MAPE: 0.9525: 54,3,1,496,3,6,0.0928,0.8273,10
MAPE: 1000.0000: 271,9,4,279,7,15,0.0541,0.2354,5
MAPE: 1000.0000: 73,48,5,291,3,2,0.0893,0.9404,2
MAPE: 1000.0000: 149,39,9,347,2,12,0.0338,0.3297,7
MAPE: 0.1913: 407,1,1,464,10,18,0.0012,0.1023,4
MAPE: 1000.0000: 235,2,8,362,7,18,0.0727,0.8451,9
MAPE: 1000.0000: 178,4,7,16,6,15,0.0748,0.1158,7
MAPE: 1000.0000: 390,6,8,208,4,15,0.0942,0.8063,5
MAPE: 1000.0000: 153,34,3,244,10,18,0.0552,0.6969,9
MAPE: 1000.0000: 123,17,9,320,9,6,0.0393,0.4453,10
MAPE: 0.9525: 100,14,8,56,10,16,0.0056,0.9502,7
MAPE: 1000.0000: 242,19,4,225,5,11,0.0118,0.2275,7
MAPE: 1000.0000: 104,6,5,272,8,4,0.0805,0.9409,6
MAPE: 1000.0000: 394,32,9,316,9,1,0.0515,0.3906,8
MAPE: 1000.0000: 93,46,3,292,5,14,0.0235,0.5192,10
MAPE: 1000.0000: 47,3,8,330,8,19,0.0384,0.3311,7
MAPE: 0.9525: 119,4,2,249,2,9,0.0527,0.0578,5
MAPE: 0.9525: 374,24,6,2,6,1,0.0293,0.3196,9
MAPE: 1000.0000: 471,16,5,229,6,5,0.034,0.9864,9
MAPE: 1000.0000: 106,21,8,88,8,12,0.098,0.2293,1
MAPE: 1000.0000: 90,31,4,306,6,13,0.078,0.0077,6
MAPE: 1000.0000: 80,19,8,171,6,8,0.0881,0.1072,9
MAPE: 1000.0000: 151,37,8,340,2,12,0.0841,0.5687,4
MAPE: 1000.0000: 430,43,9,411,6,5,0.0736,0.5365,7
MAPE: 1000.0000: 478,25,3,335,8,15,0.009,0.628,9
MAPE: 1000.0000: 177,46,6,428,9,17,0.0028,0.8418,7
MAPE: 0.9525: 342,25,2,179,2,19,0.0337,0.4352,6
MAPE: 1000.0000: 347,12,3,361,8,7,0.0324,0.3417,6
MAPE: 1000.0000: 357,44,5,387,8,7,0.0665,0.7022,6
MAPE: 1000.0000: 507,22,8,425,7,18,0.0415,0.423,5
MAPE: 1000.0000: 436,8,2,177,5,19,0.0935,0.5997,1
MAPE: 1000.0000: 416,40,8,327,10,7,0.0619,0.2637,9
MAPE: 0.9525: 458,33,7,421,5,10,0.0019,0.611,5
MAPE: 1000.0000: 242,28,9,227,10,12,0.0855,0.0136,6
MAPE: 0.9525: 414,10,6,149,2,13,0.0211,0.0241,4
MAPE: 1000.0000: 206,23,6,491,7,5,0.0296,0.1015,7
MAPE: 0.0743: 255,32,7,29,3,19,0.0078,0.1065,2
MAPE: 1000.0000: 350,50,2,269,5,10,0.0362,0.7145,3
MAPE: 1000.0000: 416,42,10,271,6,12,0.0647,0.7696,5
MAPE: 1000.0000: 376,19,9,436,3,2,0.0755,0.5351,9
MAPE: 1000.0000: 188,14,6,435,5,16,0.0549,0.247,8
MAPE: 1000.0000: 31,3,8,304,3,14,0.0376,0.8046,6
MAPE: 0.9525: 444,27,2,23,2,17,0.0455,0.8147,1
MAPE: 0.0507: 64,41,1,141,1,8,0.01,0.7943,10
MAPE: 1000.0000: 279,7,9,470,3,2,0.0288,0.866,5
MAPE: 1000.0000: 124,16,3,466,8,10,0.0269,0.74,4
MAPE: 0.9525: 296,23,3,45,3,16,0.0751,0.1739,9
MAPE: 1000.0000: 471,18,2,391,10,7,0.0931,0.2449,7
MAPE: 1000.0000: 169,42,5,90,6,6,0.0985,0.0508,2
MAPE: 1000.0000: 284,24,6,120,10,17,0.0387,0.0691,9
MAPE: 0.9525: 258,2,4,407,2,3,0.0263,0.4867,7
MAPE: 1000.0000: 408,47,9,405,4,3,0.0636,0.3162,3
MAPE: 1000.0000: 452,11,4,198,10,1,0.0751,0.2813,6
MAPE: 1000.0000: 474,40,4,461,9,12,0.0582,0.5933,2
MAPE: 0.3080: 275,3,1,64,3,16,0.0045,0.0577,2
MAPE: 0.9525: 19,10,7,411,4,15,0.004,0.2147,4
MAPE: 1000.0000: 144,23,10,464,4,1,0.0166,0.2516,9
MAPE: 1000.0000: 313,42,8,61,7,1,0.0528,0.7688,7
MAPE: 1000.0000: 508,15,8,277,2,13,0.0691,0.1704,5
MAPE: 0.9525: 331,32,1,17,5,17,0.0597,0.5966,6
MAPE: 1000.0000: 91,37,4,163,9,17,0.0373,0.3059,9
MAPE: 1000.0000: 335,44,4,363,3,17,0.091,0.9715,5
MAPE: 1000.0000: 171,20,6,358,7,7,0.0472,0.3748,6
MAPE: 1000.0000: 126,11,5,467,10,15,0.0067,0.4009,2
MAPE: 0.9525: 397,27,1,30,9,9,0.0586,0.381,7
MAPE: 0.9525: 428,46,2,176,3,5,0.0773,0.1218,3
MAPE: 1000.0000: 481,43,3,371,6,6,0.0126,0.1424,9
MAPE: 1000.0000: 453,6,5,485,2,19,0.0753,0.3238,1
MAPE: 1000.0000: 376,36,8,283,9,11,0.0792,0.9701,2
MAPE: 0.3768: 251,12,9,12,3,18,0.0055,0.7557,9
MAPE: 0.9525: 14,49,2,315,1,19,0.0086,0.4146,7
MAPE: 1000.0000: 329,3,6,236,5,12,0.0097,0.1598,9
MAPE: 1000.0000: 167,37,4,136,9,8,0.0592,0.268,10
MAPE: 1000.0000: 51,2,7,401,5,3,0.0187,0.2807,5
MAPE: 4.1307: 81,35,10,192,6,10,0.0023,0.7288,4
MAPE: 0.2697: 205,44,3,31,1,11,0.0215,0.2899,5
MAPE: 1000.0000: 469,38,9,173,3,6,0.0201,0.2833,2
MAPE: 1000.0000: 230,8,6,408,2,4,0.0219,0.2065,3
MAPE: 1000.0000: 344,37,7,92,7,19,0.0913,0.3576,6
MAPE: 1000.0000: 343,17,9,185,2,11,0.0963,0.4453,8
MAPE: 0.9525: 173,46,1,38,6,18,0.0292,0.0275,10
MAPE: 1000.0000: 465,39,6,369,9,11,0.0998,0.7311,9
MAPE: 1000.0000: 315,41,2,481,6,10,0.0457,0.3169,4
MAPE: 1000.0000: 65,49,4,75,3,18,0.0721,0.8124,10
MAPE: 1000.0000: 310,12,4,19,6,2,0.0637,0.922,10
MAPE: 1000.0000: 407,16,8,478,3,4,0.0147,0.4124,3
MAPE: 0.9525: 203,28,4,330,1,7,0.0241,0.5388,6
MAPE: 0.9525: 180,42,2,456,2,8,0.0658,0.8058,5
MAPE: 1000.0000: 99,44,6,341,9,7,0.0122,0.5546,4
MAPE: 0.9525: 166,9,4,97,1,9,0.0447,0.5614,6
MAPE: 1000.0000: 321,36,4,84,9,16,0.0926,0.655,2
MAPE: 0.9525: 332,12,2,26,9,20,0.0352,0.596,2
MAPE: 0.9525: 433,16,4,315,2,12,0.016,0.0032,3
MAPE: 1000.0000: 489,40,2,257,5,18,0.0581,0.4368,4
MAPE: 1000.0000: 297,18,3,140,5,15,0.0721,0.5738,6
MAPE: 1000.0000: 76,14,7,206,5,15,0.0458,0.6967,1
MAPE: 1000.0000: 437,5,3,216,4,10,0.0498,0.0448,9
MAPE: 1000.0000: 217,26,4,232,2,15,0.0742,0.2318,7
MAPE: 1000.0000: 455,13,3,198,5,7,0.0744,0.9124,7
MAPE: 0.0553: 20,28,1,482,1,2,0.0072,0.638,3
MAPE: 4.1307: 284,22,3,24,9,19,0.053,0.0906,3
MAPE: 1000.0000: 213,12,6,269,2,2,0.0346,0.088,7
MAPE: 1000.0000: 336,38,8,286,4,12,0.0155,0.3473,3
MAPE: 1000.0000: 95,42,2,248,6,3,0.0309,0.572,5
MAPE: 0.9525: 197,2,3,22,3,6,0.0422,0.244,3
MAPE: 1000.0000: 93,11,3,497,4,6,0.0594,0.3367,4
MAPE: 1000.0000: 385,17,8,303,2,3,0.0541,0.7868,8
MAPE: 1000.0000: 113,31,10,369,5,7,0.0694,0.0337,5
MAPE: 1000.0000: 52,17,2,465,4,8,0.0652,0.9132,1
MAPE: 0.9525: 47,35,3,283,4,15,0.0102,0.7243,1
MAPE: 0.9525: 420,15,2,77,3,17,0.063,0.8628,5
MAPE: 1000.0000: 137,19,4,192,7,1,0.0541,0.6707,10
MAPE: 1.4290: 393,9,9,3,6,19,0.045,0.3734,6
MAPE: 1000.0000: 189,42,3,160,8,16,0.0288,0.0068,4
MAPE: 1000.0000: 219,33,7,166,9,2,0.0365,0.4683,10
MAPE: 1000.0000: 223,26,6,117,2,2,0.0459,0.67,3
MAPE: 1000.0000: 309,36,3,160,6,19,0.0176,0.3316,6
MAPE: 1000.0000: 138,48,6,244,9,6,0.0819,0.7735,6
MAPE: 4.1307: 172,4,5,38,10,6,0.0257,0.4633,4
MAPE: 1000.0000: 34,20,5,305,2,11,0.0959,0.6278,8
MAPE: 1000.0000: 59,32,3,226,4,14,0.0423,0.9568,8
MAPE: 1000.0000: 39,14,10,441,3,15,0.019,0.934,10
MAPE: 1000.0000: 437,17,8,475,5,14,0.0732,0.9946,7
MAPE: 1000.0000: 397,32,9,351,3,9,0.0186,0.3527,4
MAPE: 1000.0000: 460,47,7,406,7,19,0.0335,0.1389,3
MAPE: 0.9525: 262,21,6,41,2,9,0.0618,0.631,1
MAPE: 0.9525: 346,49,1,379,5,11,0.0636,0.2566,6
MAPE: 1000.0000: 320,3,3,213,8,9,0.0913,0.4896,9
MAPE: 1000.0000: 34,7,7,284,9,13,0.0298,0.1857,3
MAPE: 0.9525: 164,11,9,16,10,18,0.0071,0.4136,6
MAPE: 1000.0000: 293,9,9,259,6,5,0.02,0.47,6
MAPE: 0.9525: 118,6,5,45,3,7,0.0348,0.2933,3
MAPE: 1000.0000: 510,30,9,256,9,19,0.0907,0.2318,6
MAPE: 1000.0000: 154,18,4,339,8,8,0.0913,0.9086,5
MAPE: 1000.0000: 469,2,3,235,7,12,0.0939,0.2691,7
MAPE: 1000.0000: 500,18,5,322,6,14,0.0601,0.9884,8
MAPE: 1000.0000: 373,14,6,105,4,7,0.0477,0.4398,8
MAPE: 1000.0000: 244,9,3,265,5,17,0.0329,0.7345,7
MAPE: 1000.0000: 445,46,7,484,2,19,0.0635,0.0099,4
MAPE: 0.9525: 377,11,1,456,3,6,0.0576,0.4126,6
MAPE: 1000.0000: 447,11,5,258,9,15,0.0684,0.9661,2
MAPE: 1000.0000: 94,44,2,55,9,17,0.0769,0.5538,9
MAPE: 1000.0000: 112,48,10,298,2,19,0.0742,0.5011,3
MAPE: 1000.0000: 504,8,5,497,5,5,0.0395,0.1728,9
MAPE: 1000.0000: 133,8,2,196,10,20,0.0143,0.0545,6
MAPE: 1000.0000: 330,5,7,119,10,2,0.0711,0.849,6
MAPE: 1.2596: 337,24,2,17,2,11,0.0831,0.0679,3
MAPE: 1000.0000: 507,17,5,150,7,19,0.0625,0.5505,5
MAPE: 0.9525: 290,21,1,132,8,13,0.0595,0.219,4
MAPE: 1.1492: 466,19,2,3,7,2,0.0782,0.7934,3
MAPE: 1000.0000: 223,33,5,21,5,15,0.0714,0.4365,3
MAPE: 1000.0000: 162,46,6,260,3,19,0.071,0.2516,4
MAPE: 1000.0000: 377,41,5,289,3,20,0.0629,0.3707,5
MAPE: 1000.0000: 456,19,4,102,8,16,0.0817,0.8148,5
MAPE: 0.2807: 443,18,7,169,2,8,0.0031,0.455,3
MAPE: 1000.0000: 90,43,8,449,10,17,0.0274,0.2671,2
MAPE: 1000.0000: 375,49,6,361,6,12,0.0239,0.8894,3
MAPE: 1000.0000: 373,36,5,48,8,11,0.0911,0.5895,4
MAPE: 0.9525: 152,25,8,167,6,4,0.0058,0.4328,7
MAPE: 1000.0000: 446,48,4,372,9,13,0.0046,0.7581,8
MAPE: 1000.0000: 53,4,10,397,9,9,0.0701,0.1606,2
MAPE: 0.9525: 168,21,2,185,2,19,0.0498,0.4301,4
MAPE: 1000.0000: 228,48,5,38,3,10,0.0644,0.9949,8
MAPE: 1000.0000: 429,35,5,375,4,14,0.0868,0.8026,8
MAPE: 0.9525: 334,22,9,54,5,19,0.0144,0.3456,10
MAPE: 1000.0000: 500,5,4,302,7,4,0.0561,0.3998,10
MAPE: 1000.0000: 222,50,7,39,5,9,0.0562,0.6544,6
MAPE: 1000.0000: 402,16,3,428,9,14,0.0703,0.6994,8
MAPE: 1000.0000: 395,27,4,327,8,17,0.0572,0.5079,3
MAPE: 0.9525: 112,49,2,359,2,3,0.0858,0.1954,9
MAPE: 0.9525: 22,37,10,17,1,19,0.058,0.8834,5
MAPE: 1000.0000: 320,7,6,418,8,13,0.034,0.2717,5
MAPE: 1000.0000: 174,10,6,50,7,3,0.0384,0.3932,6
MAPE: 1000.0000: 101,8,10,152,7,19,0.0955,0.6739,7
MAPE: 1000.0000: 410,12,8,313,2,6,0.0278,0.3966,2
MAPE: 1000.0000: 461,21,10,481,2,6,0.0417,0.3436,4
MAPE: 0.9525: 60,45,7,56,8,17,0.0096,0.7081,9
MAPE: 1000.0000: 91,19,5,228,7,6,0.0952,0.1284,5
MAPE: 1000.0000: 251,43,8,456,3,6,0.0648,0.1482,1
MAPE: 1000.0000: 303,42,3,461,8,14,0.0891,0.9718,6
MAPE: 1.7042: 173,31,6,8,2,11,0.0128,0.4147,5
MAPE: 1000.0000: 424,25,4,156,9,19,0.0976,0.1063,7
MAPE: 1000.0000: 252,38,3,226,5,11,0.0386,0.8874,5
MAPE: 1000.0000: 147,47,1,442,8,19,0.0347,0.4514,8
MAPE: 1000.0000: 50,43,9,185,9,11,0.0362,0.3404,6
MAPE: 1000.0000: 146,24,8,401,10,6,0.0445,0.0677,7
MAPE: 0.9525: 131,41,1,89,4,4,0.0408,0.2755,7
MAPE: 1000.0000: 212,16,5,499,8,9,0.043,0.2827,4
MAPE: 1000.0000: 478,48,7,367,3,16,0.0962,0.7712,3
MAPE: 1000.0000: 253,46,7,292,10,19,0.0183,0.812,6
MAPE: 1000.0000: 221,34,6,452,6,18,0.0594,0.9158,7
MAPE: 1000.0000: 68,1,9,240,7,5,0.0949,0.4317,4
MAPE: 1000.0000: 227,33,3,475,8,13,0.0058,0.6472,1
MAPE: 1000.0000: 474,13,5,76,4,9,0.0994,0.2175,9
MAPE: 1000.0000: 141,49,4,385,5,6,0.025,0.5799,9
MAPE: 0.9525: 116,23,1,93,6,2,0.0963,0.5666,8
MAPE: 1000.0000: 458,49,5,387,10,15,0.01,0.5572,6
MAPE: 0.2571: 368,40,1,30,8,19,0.0153,0.9206,7
MAPE: 0.9525: 308,26,1,278,5,18,0.0197,0.037,7
MAPE: 0.9525: 339,17,2,117,4,14,0.0374,0.5233,1
MAPE: 1000.0000: 55,33,10,483,7,14,0.0072,0.8029,9
MAPE: 0.9525: 96,44,1,431,2,9,0.0397,0.6134,10
MAPE: 1000.0000: 328,7,5,319,8,4,0.0772,0.7439,2
MAPE: 0.9525: 402,48,1,25,9,11,0.0903,0.767,7
MAPE: 0.9525: 191,6,5,476,1,12,0.0133,0.582,4
MAPE: 0.3055: 473,9,6,25,5,10,0.002,0.8817,9
MAPE: 0.9525: 441,33,8,185,1,15,0.012,0.2077,9
MAPE: 1000.0000: 320,6,5,494,3,12,0.0149,0.2504,3
MAPE: 1000.0000: 311,21,5,40,7,5,0.0686,0.5506,8
MAPE: 1000.0000: 348,9,2,172,4,3,0.0785,0.5867,6
MAPE: 1000.0000: 180,32,4,438,2,4,0.0572,0.1481,2
MAPE: 1000.0000: 210,30,9,374,3,15,0.0354,0.8115,5
MAPE: 0.2104: 367,2,2,327,4,14,0.0018,0.4002,8
MAPE: 0.9525: 407,29,2,189,6,3,0.0073,0.531,6
MAPE: 1000.0000: 337,8,8,400,5,5,0.059,0.9625,3
MAPE: 1000.0000: 96,7,5,431,8,14,0.0528,0.9206,6
MAPE: 0.9525: 438,34,3,458,8,9,0.0034,0.2863,2
MAPE: 1000.0000: 113,41,5,412,3,7,0.0279,0.1697,5
MAPE: 1000.0000: 117,45,6,32,3,12,0.0628,0.9415,6
MAPE: 1000.0000: 126,33,6,228,7,5,0.0518,0.9815,8
MAPE: 1000.0000: 279,10,9,100,8,16,0.0376,0.0504,9
MAPE: 1000.0000: 357,10,9,377,3,18,0.0544,0.7101,3
MAPE: 0.9525: 54,18,1,210,5,14,0.0996,0.4275,4
MAPE: 0.9525: 25,43,5,37,2,11,0.0258,0.485,7
MAPE: 0.9525: 410,44,4,390,3,7,0.0043,0.1273,2
MAPE: 1000.0000: 446,20,9,460,3,12,0.0917,0.6092,9
MAPE: 0.9525: 107,19,2,109,2,8,0.0653,0.362,3
MAPE: 1000.0000: 494,48,3,352,5,2,0.0188,0.363,3
MAPE: 0.9525: 138,27,8,109,1,16,0.0707,0.2892,4
MAPE: 1000.0000: 40,33,6,443,3,2,0.0303,0.0775,4
MAPE: 1000.0000: 154,6,8,296,10,7,0.0123,0.3028,3
MAPE: 0.9525: 242,2,7,310,5,14,0.0019,0.4921,10
MAPE: 1000.0000: 406,32,6,391,4,1,0.0884,0.2846,6
MAPE: 1000.0000: 510,40,5,409,3,15,0.0953,0.6098,5
MAPE: 1000.0000: 447,10,7,115,8,6,0.0737,0.8727,9
MAPE: 0.9525: 132,4,3,168,3,5,0.0258,0.0493,2
MAPE: 0.9525: 472,9,7,63,1,9,0.0353,0.479,1
MAPE: 1000.0000: 56,15,9,397,3,7,0.0978,0.2013,8
MAPE: 0.0604: 197,11,4,426,7,5,0.0007,0.1223,8
MAPE: 1000.0000: 434,14,7,141,4,6,0.0441,0.878,3
MAPE: 1000.0000: 178,7,6,398,5,15,0.0334,0.4962,4
MAPE: 1000.0000: 40,29,9,384,2,4,0.055,0.0489,6
MAPE: 1000.0000: 98,26,5,306,3,9,0.0578,0.4839,2
MAPE: 1.3786: 398,18,7,3,8,16,0.0465,0.0371,8
MAPE: 0.9525: 235,6,1,233,5,20,0.0452,0.4825,2
MAPE: 1000.0000: 11,22,8,98,7,7,0.0685,0.5839,5
MAPE: 1000.0000: 316,37,4,401,8,7,0.0936,0.8658,8
MAPE: 1000.0000: 220,34,8,337,8,19,0.0417,0.5282,7
MAPE: 0.9525: 389,5,3,73,9,9,0.0206,0.678,4
MAPE: 1000.0000: 343,44,6,63,7,11,0.0409,0.2712,5
MAPE: 1000.0000: 118,22,6,399,3,11,0.0555,0.7378,4
MAPE: 1000.0000: 339,38,9,162,6,3,0.0755,0.2585,3
MAPE: 1000.0000: 400,3,6,250,2,15,0.0355,0.4431,5
MAPE: 1000.0000: 267,43,6,101,2,15,0.0698,0.7021,1
MAPE: 1000.0000: 259,27,3,199,7,17,0.0449,0.4547,3
MAPE: 0.9525: 393,15,7,116,3,11,0.0095,0.3181,3
MAPE: 1000.0000: 246,44,5,95,2,9,0.0987,0.3379,9
MAPE: 1000.0000: 212,15,9,291,8,14,0.0689,0.8935,4
MAPE: 1000.0000: 317,40,8,270,7,5,0.0647,0.1935,10
MAPE: 1000.0000: 11,17,4,53,4,10,0.0495,0.1319,6
MAPE: 0.9525: 291,29,3,345,3,16,0.0076,0.4538,10
MAPE: 1000.0000: 50,32,2,172,8,11,0.0974,0.0304,4
MAPE: 1000.0000: 462,48,3,309,4,9,0.0603,0.9685,2
MAPE: 1000.0000: 357,6,6,330,5,6,0.0952,0.4261,2
MAPE: 1000.0000: 298,39,8,464,5,5,0.0215,0.4484,3
MAPE: 1000.0000: 271,27,9,127,8,11,0.0298,0.8916,2
MAPE: 0.9525: 76,17,8,35,1,6,0.0244,0.183,9
MAPE: 1000.0000: 482,30,1,449,7,6,0.0851,0.1642,6
MAPE: 1000.0000: 312,4,10,328,2,17,0.0404,0.1011,6
MAPE: 0.9525: 502,48,4,318,2,7,0.035,0.7572,6
MAPE: 0.9525: 449,39,1,73,8,9,0.0916,0.5084,7
MAPE: 1000.0000: 24,18,10,456,6,6,0.0181,0.8267,1
MAPE: 0.9525: 223,38,2,490,2,13,0.0223,0.4093,5
MAPE: 1000.0000: 418,28,9,175,7,3,0.0076,0.0278,2
MAPE: 1000.0000: 114,30,5,234,7,16,0.0236,0.1262,4
MAPE: 1000.0000: 403,24,5,226,10,9,0.0512,0.0526,3
MAPE: 0.9525: 481,15,3,460,5,6,0.007,0.9202,5
MAPE: 1000.0000: 203,9,2,138,7,4,0.0939,0.5685,6
MAPE: 1000.0000: 293,38,5,471,4,1,0.0721,0.7283,5
MAPE: 1000.0000: 242,4,3,219,7,6,0.0548,0.1752,2
MAPE: 0.9525: 383,39,2,41,4,1,0.0981,0.7309,4
MAPE: 1000.0000: 390,14,6,421,7,20,0.0577,0.0686,10
MAPE: 1000.0000: 96,13,9,383,7,4,0.0321,0.3048,4
MAPE: 1000.0000: 29,20,7,360,2,5,0.0446,0.3565,6
MAPE: 1000.0000: 438,4,3,386,8,11,0.0233,0.112,4
MAPE: 1000.0000: 80,16,10,491,8,2,0.0844,0.4151,4
MAPE: 1000.0000: 374,2,6,373,9,6,0.025,0.3744,9
MAPE: 1000.0000: 143,32,4,204,7,6,0.0784,0.7589,9
MAPE: 0.9525: 466,34,4,29,6,14,0.0464,0.1455,9
MAPE: 1000.0000: 420,9,6,369,8,12,0.0263,0.1575,8
MAPE: 1000.0000: 368,5,3,393,4,19,0.0611,0.6284,9
MAPE: 1000.0000: 273,6,5,492,8,8,0.0683,0.4801,5
MAPE: 1000.0000: 186,41,10,354,4,9,0.0664,0.483,9
MAPE: 1000.0000: 62,23,5,238,2,14,0.0789,0.0754,5
MAPE: 1000.0000: 174,45,7,226,3,5,0.0248,0.9126,4
MAPE: 1000.0000: 264,34,5,388,3,14,0.0218,0.0556,10
MAPE: 1000.0000: 404,10,9,94,7,7,0.0835,0.1492,7
MAPE: 0.9525: 184,14,4,116,1,16,0.0323,0.2253,7
MAPE: 1000.0000: 69,21,6,438,6,5,0.0296,0.7611,3
MAPE: 0.9525: 304,17,2,157,3,19,0.0894,0.9928,3
MAPE: 1000.0000: 510,35,2,407,8,18,0.0231,0.6142,2
MAPE: 1000.0000: 235,47,8,179,7,14,0.0823,0.973,1
MAPE: 4.1307: 441,13,9,41,7,17,0.0104,0.1635,3
MAPE: 1000.0000: 491,12,7,290,8,6,0.0968,0.1949,4
MAPE: 1000.0000: 341,38,7,241,7,15,0.0313,0.0932,5
MAPE: 0.9525: 313,4,2,274,2,5,0.0774,0.4199,2
MAPE: 0.9525: 449,24,5,473,1,16,0.074,0.8335,10
MAPE: 1000.0000: 372,17,4,435,4,13,0.067,0.6637,5
MAPE: 1000.0000: 274,6,10,223,3,6,0.0256,0.4786,8
MAPE: 1000.0000: 239,46,4,38,10,9,0.0593,0.3842,8
MAPE: 0.9525: 480,14,7,354,1,14,0.0401,0.0578,2
MAPE: 1000.0000: 66,25,6,450,3,20,0.065,0.9415,6
MAPE: 1000.0000: 175,7,7,442,3,11,0.0245,0.7439,3
MAPE: 1000.0000: 204,39,10,471,5,5,0.0023,0.5824,3
MAPE: 0.0506: 28,35,2,334,7,2,0.0036,0.7926,4
MAPE: 1000.0000: 99,19,5,205,8,8,0.0328,0.8461,8
MAPE: 1000.0000: 215,23,5,181,7,10,0.0586,0.6511,3
MAPE: 1000.0000: 246,44,9,94,8,8,0.0804,0.6856,4
MAPE: 1000.0000: 25,20,5,468,7,19,0.0221,0.4715,5
MAPE: 1000.0000: 377,20,3,399,7,10,0.0839,0.2669,9
MAPE: 1000.0000: 464,21,9,139,6,17,0.043,0.7154,3
MAPE: 1000.0000: 51,31,5,69,9,7,0.0194,0.4155,5
MAPE: 0.9525: 229,13,3,30,5,15,0.0226,0.4395,2
MAPE: 1000.0000: 472,41,5,163,7,10,0.0636,0.3683,6
MAPE: 1000.0000: 466,7,4,90,5,8,0.0651,0.0709,6
MAPE: 1000.0000: 167,39,6,264,4,3,0.0767,0.2314,9
MAPE: 1000.0000: 158,47,3,21,9,8,0.0616,0.3328,2
MAPE: 1000.0000: 239,41,7,83,9,6,0.0944,0.2692,2
MAPE: 4.1307: 472,18,9,63,10,17,0.0268,0.5498,6
MAPE: 0.9525: 245,27,3,342,6,16,0.0045,0.8139,5
MAPE: 1000.0000: 477,25,9,151,2,10,0.0317,0.4351,4
MAPE: 1000.0000: 144,45,5,251,4,20,0.0858,0.8401,7
MAPE: 1000.0000: 473,19,8,363,8,8,0.0245,0.3385,7
MAPE: 0.9525: 176,2,2,458,2,8,0.056,0.4286,4
MAPE: 1000.0000: 199,17,7,242,5,1,0.0462,0.7246,7
MAPE: 1000.0000: 249,40,3,132,5,10,0.0499,0.0773,3
MAPE: 1000.0000: 498,46,7,90,9,11,0.0857,0.6092,6
MAPE: 0.9525: 400,3,8,493,4,10,0.0011,0.7811,7
MAPE: 1.7135: 129,8,5,1,5,20,0.0097,0.1402,10
MAPE: 1000.0000: 29,37,9,48,3,7,0.0688,0.7045,6
MAPE: 0.9525: 175,12,7,9,3,5,0.0549,0.7903,7
MAPE: 1000.0000: 356,30,6,334,4,11,0.0369,0.9086,4
MAPE: 1000.0000: 138,15,8,179,4,11,0.085,0.9152,7
MAPE: 1000.0000: 510,28,7,71,5,11,0.0688,0.3254,5
MAPE: 1000.0000: 269,39,8,270,7,7,0.0821,0.6616,7
MAPE: 1000.0000: 15,2,4,189,5,11,0.0604,0.9957,6
MAPE: 1000.0000: 449,32,7,254,6,12,0.0484,0.6077,6
MAPE: 1000.0000: 370,47,5,226,8,12,0.0857,0.425,3
MAPE: 1000.0000: 285,7,8,245,3,14,0.0136,0.2657,8
MAPE: 1000.0000: 380,41,7,109,4,8,0.0199,0.5315,3
MAPE: 1000.0000: 142,2,5,429,6,16,0.0205,0.9668,6
MAPE: 1000.0000: 399,13,9,220,8,7,0.0999,0.3497,1
MAPE: 1000.0000: 305,16,9,484,2,14,0.0881,0.8436,4
MAPE: 1000.0000: 224,7,2,404,8,11,0.0847,0.1262,7
MAPE: 1000.0000: 124,27,3,28,8,5,0.096,0.4134,5
MAPE: 1000.0000: 25,37,9,112,2,5,0.084,0.4892,2
MAPE: 1000.0000: 160,49,8,356,4,16,0.0248,0.2001,2
MAPE: 1000.0000: 135,41,8,400,6,5,0.0111,0.867,9
MAPE: 0.9525: 53,23,5,33,2,14,0.069,0.2309,6
MAPE: 1000.0000: 327,43,9,112,8,4,0.0348,0.6595,5
MAPE: 1000.0000: 258,17,6,442,4,12,0.0325,0.6011,7
MAPE: 0.9525: 90,37,4,63,10,10,0.0014,0.5441,2
MAPE: 1000.0000: 169,38,2,249,4,14,0.0754,0.6876,7
MAPE: 1000.0000: 64,11,2,86,5,3,0.0754,0.5274,4
MAPE: 1000.0000: 26,34,6,346,4,8,0.0849,0.875,8
MAPE: 1000.0000: 128,11,7,236,4,5,0.0113,0.6304,10
MAPE: 1000.0000: 59,11,4,459,6,10,0.093,0.911,2
MAPE: 1000.0000: 81,33,3,483,3,11,0.0602,0.741,10
MAPE: 1000.0000: 486,11,3,184,3,16,0.0837,0.153,6
MAPE: 0.9525: 166,48,2,381,3,2,0.0616,0.2248,8
MAPE: 0.0533: 116,44,1,29,4,7,0.0081,0.8156,10
MAPE: 1000.0000: 97,22,1,408,6,5,0.0728,0.887,8
MAPE: 1000.0000: 257,47,9,251,9,7,0.0665,0.2418,9
MAPE: 1000.0000: 92,6,7,96,6,8,0.0224,0.7318,6
MAPE: 1.4717: 311,48,6,10,1,4,0.0403,0.2544,10
MAPE: 1000.0000: 454,25,8,240,9,2,0.0111,0.2443,1
MAPE: 1000.0000: 202,34,5,284,10,10,0.0788,0.7059,6
MAPE: 1000.0000: 15,31,10,216,2,12,0.0815,0.784,5
MAPE: 1000.0000: 242,18,3,409,7,2,0.0962,0.0328,6
MAPE: 1000.0000: 21,13,5,282,10,5,0.0143,0.1054,10
MAPE: 1000.0000: 202,37,7,337,8,12,0.0333,0.6112,1
MAPE: 1000.0000: 17,18,5,114,7,20,0.027,0.2624,1
MAPE: 1000.0000: 183,46,9,416,9,17,0.0753,0.9246,4
MAPE: 0.9525: 43,39,2,40,3,8,0.0468,0.9241,9
MAPE: 1000.0000: 26,29,4,309,10,1,0.0994,0.0286,5
MAPE: 1000.0000: 343,46,9,233,5,17,0.0268,0.1474,1
MAPE: 0.9525: 424,45,6,90,1,5,0.0912,0.556,8
MAPE: 1000.0000: 374,13,1,119,9,18,0.0899,0.2081,10
MAPE: 1000.0000: 110,7,8,355,7,14,0.0708,0.3274,7
MAPE: 1000.0000: 427,22,4,114,8,13,0.0494,0.1273,4
MAPE: 0.9525: 204,7,2,413,3,14,0.0262,0.8296,9
MAPE: 1000.0000: 62,11,3,446,3,3,0.0958,0.8771,2
MAPE: 0.9525: 495,2,3,227,6,12,0.0206,0.9802,7
MAPE: 0.9525: 158,34,5,48,7,6,0.0165,0.151,4
MAPE: 0.9525: 377,15,1,143,6,7,0.0486,0.728,1
MAPE: 1000.0000: 153,4,6,409,3,19,0.0388,0.5111,4
MAPE: 1000.0000: 69,4,10,474,8,19,0.0791,0.9244,2
MAPE: 1000.0000: 211,22,3,407,10,18,0.041,0.758,4
MAPE: 0.9525: 190,42,1,209,5,11,0.0654,0.918,4
MAPE: 1000.0000: 474,5,5,452,2,11,0.0283,0.584,2
MAPE: 1000.0000: 256,45,10,341,8,3,0.0609,0.0286,3
MAPE: 0.3530: 461,13,5,412,5,1,0.0025,0.453,4
MAPE: 1000.0000: 183,31,7,297,5,3,0.0547,0.9485,5
MAPE: 1000.0000: 215,34,8,486,1,13,0.0511,0.2817,7
MAPE: 1000.0000: 25,42,3,335,4,15,0.0994,0.1123,2
MAPE: 0.2195: 161,10,2,64,2,13,0.0146,0.0408,6
MAPE: 1000.0000: 274,20,2,382,8,10,0.0802,0.6036,6
MAPE: 1000.0000: 29,21,7,189,9,14,0.0843,0.5787,5
MAPE: 1000.0000: 237,33,9,264,3,4,0.0833,0.9008,3
MAPE: 1000.0000: 242,16,5,230,5,17,0.0354,0.3409,3
MAPE: 1000.0000: 369,23,2,332,10,15,0.0222,0.626,5
MAPE: 1000.0000: 477,42,7,308,2,4,0.0823,0.7856,10
MAPE: 1000.0000: 96,29,9,149,2,17,0.0995,0.6071,5
MAPE: 1.3737: 330,9,3,9,7,20,0.0646,0.0368,3
MAPE: 1000.0000: 66,12,3,77,7,17,0.0345,0.6598,7
MAPE: 1000.0000: 126,46,9,367,5,8,0.0251,0.9543,9
MAPE: 1000.0000: 335,30,4,428,3,9,0.0396,0.4115,9
MAPE: 1000.0000: 203,7,3,440,5,12,0.0991,0.4313,2
MAPE: 1000.0000: 396,38,3,132,5,10,0.0932,0.9397,10
MAPE: 1000.0000: 188,5,9,262,7,18,0.0457,0.1975,3
MAPE: 1000.0000: 300,20,4,146,8,4,0.0229,0.7024,6
MAPE: 1000.0000: 19,20,4,371,7,8,0.0381,0.271,6
MAPE: 1000.0000: 149,42,2,40,9,18,0.0785,0.0148,10
MAPE: 1000.0000: 139,32,4,304,8,1,0.0205,0.9844,1
MAPE: 1000.0000: 101,34,9,174,4,16,0.0828,0.9982,9
MAPE: 1000.0000: 343,23,4,194,8,15,0.0607,0.3148,8
MAPE: 1000.0000: 44,37,5,325,6,6,0.01,0.0686,1
MAPE: 1000.0000: 347,40,6,97,8,11,0.0087,0.5156,4
MAPE: 1000.0000: 280,5,3,396,4,11,0.0365,0.6168,6
MAPE: 1000.0000: 324,28,7,426,6,17,0.0835,0.7444,4
MAPE: 1000.0000: 495,4,3,284,6,19,0.0924,0.201,6
MAPE: 1000.0000: 67,32,7,321,4,11,0.0564,0.7946,3
MAPE: 1000.0000: 460,7,8,322,9,4,0.0193,0.3482,6
MAPE: 1000.0000: 488,41,10,409,8,11,0.0758,0.83,9
MAPE: 0.9525: 470,4,8,363,2,15,0.0032,0.0928,5
MAPE: 1000.0000: 307,5,7,254,6,11,0.0337,0.4279,5
MAPE: 1.1572: 300,50,1,2,8,15,0.0337,0.0744,10
MAPE: 1000.0000: 421,2,4,191,8,15,0.0535,0.5072,9
MAPE: 0.9525: 355,11,4,385,1,9,0.0981,0.5357,10
MAPE: 0.2652: 334,44,7,31,7,4,0.0049,0.9678,9
MAPE: 1000.0000: 287,29,5,243,4,3,0.0211,0.0655,9
MAPE: 1000.0000: 417,48,3,159,9,8,0.0715,0.7394,6
MAPE: 0.9525: 333,35,3,123,7,10,0.0132,0.657,3
MAPE: 0.9525: 453,42,10,419,6,18,0.0009,0.031,9
MAPE: 0.6207: 435,5,5,87,3,17,0.0134,0.8263,4
MAPE: 0.9525: 142,39,1,441,3,6,0.0204,0.303,6
MAPE: 0.1582: 78,8,2,14,7,8,0.0242,0.9977,4
MAPE: 1000.0000: 353,37,5,171,2,5,0.0384,0.0877,8
MAPE: 1000.0000: 200,33,1,376,8,12,0.088,0.7514,4
MAPE: 1000.0000: 324,19,9,104,1,20,0.0981,0.7328,2
MAPE: 1000.0000: 450,39,5,397,7,6,0.0173,0.2122,7
MAPE: 1000.0000: 306,2,6,290,8,9,0.0952,0.0522,1
MAPE: 0.4580: 437,46,4,167,3,13,0.0001,0.3227,6
MAPE: 1000.0000: 498,14,8,305,2,15,0.0593,0.6358,1
MAPE: 1000.0000: 508,42,9,189,6,8,0.0641,0.7502,9
MAPE: 4.1307: 285,33,7,35,5,20,0.0155,0.4281,3
MAPE: 1000.0000: 203,31,2,338,4,3,0.0939,0.8491,3
MAPE: 0.9525: 370,8,2,489,1,15,0.0705,0.7803,8
MAPE: 1000.0000: 201,40,2,351,10,7,0.0297,0.0293,9
MAPE: 0.9525: 97,22,4,131,3,12,0.0162,0.0609,2
MAPE: 0.9525: 330,37,10,8,2,14,0.041,0.6945,5
MAPE: 1000.0000: 32,40,9,315,6,17,0.0595,0.6365,4
MAPE: 1000.0000: 119,6,2,427,5,19,0.0956,0.4655,3
MAPE: 1000.0000: 285,19,8,226,7,19,0.0102,0.5447,4
MAPE: 1000.0000: 380,14,8,45,5,19,0.0709,0.4923,7
MAPE: 1000.0000: 299,14,6,279,2,10,0.0445,0.2097,6
MAPE: 1000.0000: 145,10,9,291,2,13,0.0572,0.0391,9
MAPE: 0.9525: 149,24,2,280,2,17,0.023,0.5744,5
MAPE: 0.9525: 494,31,8,66,2,17,0.029,0.7784,9
MAPE: 1000.0000: 341,33,5,169,7,7,0.0772,0.4638,9
MAPE: 1000.0000: 359,24,3,369,8,2,0.0806,0.1041,9
MAPE: 1000.0000: 280,38,6,252,6,5,0.0424,0.6451,6
MAPE: 1000.0000: 204,35,2,302,4,12,0.0393,0.0134,3
MAPE: 1000.0000: 183,4,10,192,3,5,0.0202,0.3119,1
MAPE: 0.3862: 389,28,3,330,3,7,0.0029,0.1378,8
MAPE: 1000.0000: 303,39,7,348,3,2,0.0307,0.8481,7
MAPE: 0.9525: 316,28,6,314,1,2,0.0485,0.3832,6
MAPE: 1000.0000: 33,32,8,170,5,11,0.034,0.0107,2
MAPE: 1000.0000: 52,42,9,464,2,17,0.094,0.3145,4
MAPE: 1000.0000: 110,24,5,160,7,11,0.0443,0.8644,3
MAPE: 1000.0000: 351,2,2,255,9,20,0.0982,0.0331,3
MAPE: 1000.0000: 282,37,7,278,2,2,0.026,0.6111,8
MAPE: 1000.0000: 492,44,5,279,6,4,0.0584,0.4487,8
MAPE: 1000.0000: 349,48,8,324,6,6,0.0711,0.2601,1
MAPE: 0.9525: 343,19,1,108,7,4,0.0664,0.4506,9
MAPE: 1000.0000: 475,36,4,491,10,14,0.0759,0.2343,5
MAPE: 1000.0000: 225,25,8,395,3,19,0.088,0.4883,10
MAPE: 0.9525: 426,42,7,403,3,7,0.0011,0.1053,2
MAPE: 1000.0000: 196,35,7,492,7,3,0.035,0.1752,5
MAPE: 1000.0000: 510,7,6,66,3,11,0.0895,0.296,3
MAPE: 1000.0000: 210,23,4,100,9,15,0.0985,0.8694,8
MAPE: 0.9525: 61,34,3,380,4,4,0.009,0.1934,8
MAPE: 1000.0000: 30,18,6,437,5,20,0.0208,0.2568,2
MAPE: 0.9525: 171,33,10,48,4,12,0.0106,0.7858,9
MAPE: 1000.0000: 486,47,5,330,6,6,0.0428,0.9144,8
MAPE: 1000.0000: 394,36,7,350,2,16,0.0189,0.3617,3
MAPE: 1000.0000: 173,27,9,200,4,7,0.0574,0.7462,7
MAPE: 0.9525: 299,20,4,149,7,18,0.0059,0.8549,2
MAPE: 1000.0000: 172,22,8,410,1,19,0.0495,0.6059,1
MAPE: 1000.0000: 361,4,9,214,5,1,0.0757,0.6257,9
MAPE: 1000.0000: 332,10,6,356,7,13,0.026,0.4532,2
MAPE: 1000.0000: 488,12,7,315,1,19,0.0701,0.1195,5
MAPE: 1000.0000: 446,33,2,75,5,17,0.0717,0.92,7
MAPE: 1000.0000: 291,29,8,129,10,6,0.0573,0.3578,1
MAPE: 1000.0000: 286,18,2,470,6,8,0.0431,0.68,1
MAPE: 1000.0000: 427,32,2,168,8,4,0.0795,0.0018,10
MAPE: 1000.0000: 425,23,4,128,4,19,0.0178,0.9144,3
MAPE: 1000.0000: 82,17,6,134,9,16,0.0604,0.0332,1
MAPE: 1000.0000: 225,43,6,445,7,10,0.0923,0.0712,9
MAPE: 1000.0000: 437,19,10,260,7,19,0.0453,0.4891,1
MAPE: 1000.0000: 388,33,2,354,10,11,0.0392,0.3771,10
MAPE: 0.9525: 332,21,3,167,3,9,0.0232,0.8565,10
MAPE: 0.6106: 315,42,2,8,7,5,0.0403,0.7543,9
MAPE: 1000.0000: 67,24,7,394,6,9,0.0738,0.3617,1
MAPE: 1000.0000: 243,41,4,26,6,3,0.0908,0.0184,4
MAPE: 0.9525: 426,9,2,194,1,15,0.0373,0.8825,9
MAPE: 0.9525: 281,41,2,194,2,10,0.0637,0.7915,8
MAPE: 1000.0000: 79,35,6,109,4,17,0.0709,0.9857,6
MAPE: 4.1307: 311,11,6,114,9,10,0.002,0.4692,8
MAPE: 1000.0000: 462,12,4,164,6,19,0.0413,0.0668,3
MAPE: 1000.0000: 273,46,4,215,6,6,0.0778,0.3385,6
MAPE: 0.9525: 429,24,4,216,4,2,0.0191,0.8694,2
MAPE: 1000.0000: 429,18,4,303,7,5,0.0242,0.4577,2
MAPE: 1000.0000: 418,28,8,171,4,12,0.0976,0.4264,2
MAPE: 1000.0000: 140,41,7,437,6,17,0.0071,0.8999,7
MAPE: 0.9525: 214,10,7,126,7,9,0.0032,0.8019,6
MAPE: 1000.0000: 268,49,4,10,10,9,0.0678,0.3869,7
MAPE: 0.9525: 374,48,2,443,3,2,0.0113,0.4355,5
MAPE: 1000.0000: 231,8,4,204,9,8,0.0507,0.4526,4
MAPE: 1000.0000: 208,14,8,286,6,2,0.0061,0.0248,10
MAPE: 1000.0000: 243,47,8,484,4,2,0.0551,0.6943,4
MAPE: 1000.0000: 172,14,8,121,7,7,0.0508,0.2615,9
MAPE: 1000.0000: 390,28,3,335,6,10,0.092,0.8793,5
MAPE: 1000.0000: 384,43,10,158,6,19,0.0656,0.3039,3
MAPE: 1000.0000: 237,38,9,380,8,19,0.0074,0.6886,2
MAPE: 1000.0000: 240,29,4,490,5,10,0.0445,0.3095,8
MAPE: 1000.0000: 327,32,5,326,5,17,0.0735,0.3755,3
MAPE: 1000.0000: 137,42,5,442,2,1,0.053,0.9085,6
MAPE: 1000.0000: 185,4,3,366,9,15,0.0229,0.3805,4
MAPE: 1000.0000: 443,4,3,190,5,7,0.0202,0.5576,9
MAPE: 1000.0000: 251,7,3,336,4,18,0.0368,0.6593,8
MAPE: 1000.0000: 19,35,2,150,4,6,0.0619,0.1279,2
MAPE: 1000.0000: 250,2,5,149,6,2,0.0607,0.6983,1
MAPE: 1000.0000: 315,22,3,254,3,11,0.0565,0.9847,6
MAPE: 0.9525: 360,13,1,79,2,14,0.0734,0.6905,2
MAPE: 1000.0000: 394,17,4,43,3,9,0.0903,0.5279,10
MAPE: 4.1307: 21,2,9,238,9,5,0.0027,0.2021,9
MAPE: 1000.0000: 413,45,9,477,4,14,0.0666,0.7286,5
MAPE: 1000.0000: 25,35,6,434,5,18,0.009,0.5582,9
MAPE: 1000.0000: 215,33,5,321,7,16,0.0979,0.3563,10
MAPE: 1000.0000: 300,44,6,339,8,18,0.0058,0.7341,7
MAPE: 1000.0000: 132,37,2,355,7,9,0.012,0.0775,1
MAPE: 0.5100: 317,15,4,20,2,12,0.0119,0.3838,3
MAPE: 1000.0000: 252,30,1,225,9,13,0.0642,0.93,2
MAPE: 0.9525: 296,10,2,345,3,18,0.0502,0.5704,10
MAPE: 0.9525: 114,19,4,47,9,3,0.0193,0.4232,6
MAPE: 1000.0000: 180,48,6,256,8,5,0.0242,0.9891,5
MAPE: 1000.0000: 77,18,3,400,3,16,0.0825,0.4232,7
MAPE: 1000.0000: 44,43,7,112,8,7,0.0093,0.3675,10
MAPE: 0.9525: 365,3,2,191,2,5,0.0737,0.8369,2
MAPE: 1000.0000: 422,36,5,165,5,19,0.0315,0.6845,4
MAPE: 1000.0000: 82,22,4,31,6,10,0.0991,0.8198,4
MAPE: 0.9525: 70,41,6,5,9,9,0.0561,0.9137,9
MAPE: 0.9525: 476,26,4,74,2,18,0.0208,0.9402,1
MAPE: 1000.0000: 35,15,8,163,4,7,0.0881,0.5258,5
MAPE: 1000.0000: 463,19,3,400,6,5,0.0983,0.9706,10
MAPE: 1000.0000: 420,25,8,281,5,7,0.015,0.0887,1
MAPE: 1000.0000: 89,11,8,341,2,3,0.078,0.3968,8
MAPE: 0.2995: 488,12,1,297,3,14,0.0086,0.9295,8
MAPE: 1000.0000: 390,22,8,138,4,10,0.0729,0.3465,3
MAPE: 1000.0000: 340,6,3,334,7,16,0.095,0.3822,2
MAPE: 1000.0000: 215,11,10,247,10,3,0.096,0.4723,10
MAPE: 1000.0000: 251,18,4,172,10,14,0.0267,0.035,10
MAPE: 1000.0000: 452,23,1,444,10,18,0.0741,0.3744,7
MAPE: 1000.0000: 200,48,2,260,5,1,0.0595,0.2077,6
MAPE: 1000.0000: 219,37,3,293,7,6,0.0255,0.502,4
MAPE: 1000.0000: 226,11,2,371,9,4,0.0722,0.1259,6
MAPE: 1000.0000: 51,47,7,258,5,11,0.0585,0.7122,3
MAPE: 0.2795: 407,12,6,31,2,16,0.0049,0.1435,7
MAPE: 1000.0000: 164,34,10,101,6,13,0.0943,0.4901,1
MAPE: 1000.0000: 273,24,9,291,8,13,0.0965,0.7409,3
MAPE: 0.9525: 152,33,1,166,6,10,0.0877,0.1346,3
MAPE: 1000.0000: 351,27,9,43,5,19,0.0513,0.027,2
MAPE: 0.0711: 111,4,1,287,7,19,0.0007,0.5296,4
MAPE: 1000.0000: 319,24,2,485,6,11,0.0166,0.8546,6
MAPE: 1000.0000: 237,25,6,315,5,10,0.0612,0.1115,2
MAPE: 1000.0000: 261,32,5,53,6,17,0.0961,0.877,5
MAPE: 0.9525: 258,7,1,313,2,18,0.0833,0.2728,3
MAPE: 1000.0000: 245,2,5,29,8,11,0.0559,0.8909,3
MAPE: 1000.0000: 55,12,5,277,7,15,0.0877,0.8501,3
MAPE: 0.9525: 69,21,3,187,3,8,0.0292,0.8766,1
MAPE: 1000.0000: 82,9,7,486,4,11,0.0352,0.1775,6
MAPE: 0.9525: 511,5,8,347,1,7,0.0159,0.3587,4
MAPE: 1000.0000: 267,16,5,57,9,14,0.0287,0.2277,6
MAPE: 1000.0000: 305,2,6,294,3,8,0.0863,0.4608,3
MAPE: 1000.0000: 57,27,10,54,8,5,0.0558,0.6416,2
MAPE: 1000.0000: 293,24,8,104,10,3,0.0112,0.4295,9
MAPE: 1000.0000: 54,2,3,416,5,7,0.0566,0.6483,5
MAPE: 1000.0000: 268,15,5,280,3,9,0.0541,0.1124,3
MAPE: 1000.0000: 86,10,7,435,2,3,0.0793,0.1942,7
MAPE: 1000.0000: 317,41,6,92,8,3,0.0882,0.1364,4
MAPE: 0.0525: 79,42,5,159,1,14,0.0037,0.1525,7
MAPE: 1000.0000: 111,28,3,201,7,2,0.0467,0.683,8
MAPE: 0.9525: 280,26,1,84,2,5,0.0635,0.0495,6
MAPE: 0.0598: 57,14,1,86,5,2,0.0053,0.6387,6
MAPE: 0.0734: 19,14,4,14,3,11,0.0103,0.3183,2
MAPE: 0.0897: 21,9,1,59,1,12,0.0698,0.4703,6
MAPE: 1000.0000: 503,20,8,304,2,9,0.0845,0.2527,3
MAPE: 1000.0000: 26,42,6,171,4,18,0.0364,0.7963,7
MAPE: 1000.0000: 465,47,1,356,8,8,0.0605,0.9364,2
MAPE: 1000.0000: 59,29,5,148,2,3,0.0509,0.2781,9
MAPE: 1000.0000: 413,47,8,211,6,12,0.0353,0.6374,4
MAPE: 1000.0000: 253,3,8,273,4,2,0.0719,0.4887,7
MAPE: 4.1307: 383,37,5,27,4,9,0.0289,0.2018,5
MAPE: 1000.0000: 19,50,6,325,2,2,0.0213,0.3128,8
MAPE: 1000.0000: 296,48,10,390,5,5,0.0179,0.8794,2
MAPE: 1000.0000: 93,35,6,190,2,19,0.0326,0.0275,3
MAPE: 0.9525: 336,9,9,53,10,15,0.0452,0.8308,9
MAPE: 1000.0000: 290,16,10,286,6,4,0.0904,0.2014,6
MAPE: 1000.0000: 76,25,2,461,8,3,0.0666,0.2658,8
MAPE: 1000.0000: 510,8,3,385,4,15,0.0202,0.9058,6
MAPE: 0.9525: 311,42,9,65,2,2,0.0169,0.7593,4
MAPE: 1000.0000: 78,21,3,371,10,10,0.0056,0.4945,9
MAPE: 1000.0000: 379,45,3,362,3,2,0.094,0.1065,8
MAPE: 1000.0000: 239,43,7,241,3,8,0.0154,0.7226,1
MAPE: 1000.0000: 408,8,2,94,10,18,0.0763,0.8808,8
MAPE: 0.9525: 78,27,1,217,7,12,0.0489,0.046,1
MAPE: 1000.0000: 255,26,5,421,8,1,0.0684,0.8278,6
MAPE: 1000.0000: 79,31,3,299,9,6,0.0077,0.1628,9
MAPE: 1000.0000: 492,5,6,229,6,10,0.061,0.5934,7
MAPE: 1000.0000: 473,5,3,417,5,18,0.0811,0.1197,4
MAPE: 1000.0000: 374,24,3,293,6,9,0.0435,0.9624,1
MAPE: 1000.0000: 326,46,4,451,10,4,0.0041,0.6157,8
MAPE: 0.4973: 436,29,1,64,5,13,0.0154,0.7154,9
MAPE: 1000.0000: 359,16,9,208,8,8,0.0093,0.624,6
MAPE: 1000.0000: 501,10,8,449,9,7,0.0357,0.9122,4
MAPE: 1000.0000: 196,4,6,87,7,17,0.062,0.8678,3
MAPE: 0.9525: 35,5,3,235,7,9,0.01,0.998,5
MAPE: 1000.0000: 450,20,6,195,7,7,0.0787,0.4951,7
MAPE: 1000.0000: 117,14,4,373,6,4,0.0313,0.2536,8
MAPE: 1000.0000: 108,7,8,44,3,15,0.0736,0.6282,6
MAPE: 0.3062: 503,13,4,140,3,10,0.0011,0.9657,8
MAPE: 1000.0000: 486,48,9,166,4,3,0.0186,0.5724,4
MAPE: 1000.0000: 221,14,10,163,10,12,0.0278,0.6084,2
MAPE: 1000.0000: 93,13,7,148,10,9,0.0189,0.7553,2
MAPE: 1000.0000: 401,39,6,108,9,4,0.0362,0.9053,3
MAPE: 1000.0000: 439,31,6,321,10,10,0.0774,0.3321,7
MAPE: 1000.0000: 190,43,5,484,8,11,0.0872,0.8382,4
MAPE: 1000.0000: 31,45,7,485,4,9,0.0856,0.2535,5
MAPE: 1000.0000: 169,32,8,52,6,11,0.0921,0.9797,3
MAPE: 0.9525: 367,5,5,11,7,19,0.0938,0.2826,6
MAPE: 1000.0000: 388,45,5,207,8,19,0.0935,0.4272,10
MAPE: 0.9525: 465,27,8,127,1,16,0.0107,0.5415,6
MAPE: 1000.0000: 73,22,8,427,5,7,0.0655,0.1159,3
MAPE: 1000.0000: 228,5,8,390,5,2,0.0893,0.3442,2
MAPE: 0.9525: 225,15,3,360,2,12,0.0183,0.6214,10
MAPE: 1000.0000: 392,26,6,70,8,19,0.071,0.6506,5
MAPE: 1000.0000: 266,39,4,123,8,17,0.0378,0.7039,7
MAPE: 1000.0000: 330,31,2,470,6,2,0.0663,0.9974,7
MAPE: 1000.0000: 362,14,1,401,9,2,0.0629,0.847,3
MAPE: 0.9525: 21,45,8,176,5,1,0.0064,0.3895,7
MAPE: 1000.0000: 432,28,4,333,9,18,0.043,0.5233,4
MAPE: 1000.0000: 233,6,5,218,4,16,0.036,0.5177,2
MAPE: 1000.0000: 317,33,6,368,5,17,0.038,0.4557,4
MAPE: 1000.0000: 59,45,5,41,6,6,0.0309,0.1774,3
MAPE: 1000.0000: 319,8,6,288,7,14,0.0106,0.6225,6
MAPE: 1000.0000: 440,49,9,268,2,17,0.0977,0.9813,7
MAPE: 1000.0000: 80,34,5,418,7,10,0.0291,0.282,3
MAPE: 1000.0000: 105,33,3,461,5,14,0.0478,0.3513,9
MAPE: 1000.0000: 43,49,3,414,8,8,0.0666,0.3121,7
MAPE: 1000.0000: 109,26,4,68,7,14,0.0206,0.1739,5
MAPE: 0.9525: 94,8,1,17,8,16,0.0667,0.6047,7
MAPE: 1000.0000: 88,40,2,358,8,2,0.0337,0.2049,9
MAPE: 1000.0000: 394,37,9,390,2,2,0.0545,0.4042,7
MAPE: 1000.0000: 440,8,7,68,7,17,0.0851,0.4301,4
MAPE: 0.9525: 404,6,5,233,2,3,0.0364,0.5041,4
MAPE: 0.9525: 251,46,5,170,4,9,0.0079,0.3337,5
MAPE: 1000.0000: 302,22,8,42,4,14,0.0657,0.7845,10
MAPE: 1000.0000: 437,26,7,443,3,3,0.0673,0.3828,1
MAPE: 1000.0000: 384,3,6,172,8,17,0.061,0.4686,9
MAPE: 0.9525: 212,45,3,211,1,10,0.0458,0.7066,2
MAPE: 1000.0000: 82,23,3,78,9,7,0.0893,0.9888,10
MAPE: 1000.0000: 467,48,7,426,2,10,0.0578,0.849,9
MAPE: 0.9525: 62,17,8,14,8,13,0.0231,0.5784,2
MAPE: 1000.0000: 146,38,5,225,7,12,0.0089,0.9091,7
MAPE: 1000.0000: 316,46,2,407,10,2,0.0864,0.1995,2
MAPE: 0.9525: 68,13,1,383,5,11,0.0889,0.1669,9
MAPE: 1000.0000: 286,39,8,306,7,17,0.0407,0.2105,9
MAPE: 1000.0000: 364,2,10,148,4,15,0.0397,0.3118,7
MAPE: 1000.0000: 234,34,4,373,8,6,0.021,0.5607,2
MAPE: 1000.0000: 63,33,10,323,10,15,0.0704,0.2047,3
MAPE: 1000.0000: 49,26,5,234,7,19,0.0997,0.5681,3
MAPE: 1000.0000: 475,28,1,240,9,14,0.0625,0.9124,5
MAPE: 0.0638: 106,34,1,38,6,10,0.0254,0.876,8
MAPE: 1000.0000: 181,20,5,486,4,2,0.0126,0.7273,5
MAPE: 1000.0000: 488,30,9,16,4,16,0.0374,0.1926,9
MAPE: 1000.0000: 167,9,4,293,9,17,0.0218,0.6559,7
MAPE: 1000.0000: 91,9,7,292,7,17,0.0443,0.7428,9
MAPE: 0.9525: 279,35,7,12,4,20,0.0185,0.6427,9
MAPE: 0.9525: 406,7,9,104,8,19,0.002,0.8449,2
MAPE: 0.0989: 47,28,8,36,4,8,0.0029,0.1221,8
MAPE: 1000.0000: 141,18,5,398,7,2,0.0203,0.6069,5
MAPE: 1000.0000: 245,25,3,396,2,9,0.0631,0.9937,5
MAPE: 1000.0000: 459,2,2,365,5,8,0.0626,0.8352,6
MAPE: 0.9525: 483,3,2,480,9,13,0.0105,0.9928,4
MAPE: 1000.0000: 76,17,3,311,4,10,0.0743,0.7311,7
MAPE: 1000.0000: 416,19,6,178,4,17,0.0953,0.3028,4
MAPE: 0.9525: 167,23,2,117,3,17,0.0883,0.6905,2
MAPE: 1000.0000: 287,11,6,166,9,6,0.0371,0.3256,7
MAPE: 0.9525: 197,4,5,355,1,2,0.089,0.484,4
MAPE: 1000.0000: 92,7,4,440,5,14,0.0868,0.8175,6
MAPE: 1000.0000: 124,19,4,328,9,5,0.0988,0.0663,8
MAPE: 1000.0000: 71,22,5,34,9,3,0.034,0.7209,1
MAPE: 1000.0000: 154,38,2,284,8,11,0.0739,0.6419,4
MAPE: 1000.0000: 293,3,9,325,4,6,0.0367,0.9741,1
MAPE: 1000.0000: 190,3,10,270,5,4,0.0802,0.0352,3
MAPE: 1000.0000: 210,22,8,400,8,17,0.012,0.0203,8
MAPE: 1000.0000: 75,4,7,456,3,18,0.0316,0.2446,3
MAPE: 1000.0000: 265,12,6,315,10,18,0.0878,0.7271,9
MAPE: 1000.0000: 109,5,8,107,7,16,0.0763,0.0515,4
MAPE: 1000.0000: 156,20,5,456,2,16,0.0245,0.1249,8
MAPE: 1000.0000: 440,8,3,497,3,17,0.0367,0.3246,10
MAPE: 1000.0000: 511,9,4,116,8,4,0.0882,0.03,4
MAPE: 1000.0000: 249,33,8,264,2,15,0.0448,0.8803,6
MAPE: 0.9525: 173,8,3,16,2,18,0.0538,0.5356,2
MAPE: 1000.0000: 223,33,1,478,6,19,0.0865,0.8724,6
MAPE: 1000.0000: 253,6,5,459,2,15,0.0203,0.8053,2
MAPE: 1000.0000: 41,11,4,318,8,17,0.0837,0.8228,10
MAPE: 1000.0000: 476,37,7,264,8,9,0.0106,0.0712,7
MAPE: 0.2663: 175,37,1,188,6,5,0.001,0.2247,4
MAPE: 0.9525: 189,21,1,343,2,15,0.0572,0.5697,7
MAPE: 1000.0000: 282,12,4,104,9,15,0.0783,0.4309,8
MAPE: 1000.0000: 375,30,5,289,9,9,0.0099,0.8617,1
MAPE: 1000.0000: 429,43,3,125,8,6,0.0584,0.9705,6
MAPE: 0.9525: 155,49,2,139,3,13,0.0167,0.9923,5
MAPE: 1000.0000: 469,27,8,97,4,7,0.0291,0.0554,5
MAPE: 0.9525: 208,26,2,257,4,20,0.0184,0.8297,6
MAPE: 1000.0000: 175,49,5,380,4,19,0.0892,0.1579,4
MAPE: 1000.0000: 447,49,8,319,8,5,0.0914,0.3089,6
MAPE: 0.9525: 49,14,7,26,6,13,0.0168,0.5589,2
MAPE: 0.9525: 98,9,2,248,7,16,0.0071,0.1446,5
MAPE: 1000.0000: 75,38,5,488,5,18,0.0534,0.4938,7
MAPE: 1000.0000: 262,24,7,287,2,4,0.0235,0.2052,4
MAPE: 1000.0000: 461,15,6,413,7,8,0.0714,0.104,7
MAPE: 1000.0000: 319,10,8,298,9,11,0.0684,0.1881,1
MAPE: 1000.0000: 102,30,10,195,5,7,0.0313,0.9183,3
MAPE: 0.9525: 487,5,2,295,2,7,0.0396,0.8114,2
MAPE: 1000.0000: 144,26,8,130,4,17,0.0535,0.1921,8
MAPE: 0.9525: 362,34,6,374,9,7,0.0017,0.5657,1
MAPE: 0.9525: 279,18,9,211,1,16,0.0069,0.7683,2
MAPE: 1.2868: 27,49,1,10,7,18,0.046,0.7365,5
MAPE: 1000.0000: 81,40,6,444,1,4,0.059,0.3041,3
MAPE: 1000.0000: 279,11,6,485,3,1,0.0736,0.7867,7
MAPE: 0.9525: 387,25,4,126,7,20,0.002,0.8347,4
MAPE: 1000.0000: 403,31,3,485,4,9,0.0126,0.8012,8
MAPE: 1.2576: 313,3,10,6,3,14,0.0241,0.0361,6
MAPE: 0.9525: 179,3,1,130,5,9,0.043,0.8465,8
MAPE: 0.9525: 240,45,1,444,6,14,0.0203,0.4009,5
MAPE: 0.9525: 89,50,5,321,2,2,0.0216,0.6537,1
MAPE: 1000.0000: 380,35,2,279,6,5,0.0593,0.6097,7
MAPE: 1000.0000: 458,43,2,182,10,10,0.0356,0.6933,4
MAPE: 0.2983: 424,46,2,91,8,3,0.0069,0.08,4
MAPE: 1000.0000: 119,22,3,314,7,9,0.0136,0.3271,9
MAPE: 0.9525: 463,25,2,266,3,15,0.012,0.6801,2
MAPE: 1000.0000: 394,25,9,230,8,2,0.0951,0.9495,10
MAPE: 1000.0000: 408,24,10,287,9,16,0.0866,0.721,2
MAPE: 0.0529: 109,40,9,274,2,3,0.0005,0.1178,9
MAPE: 0.9525: 480,21,2,41,6,6,0.0588,0.2551,7
MAPE: 1000.0000: 36,14,6,205,10,11,0.0191,0.8241,3
MAPE: 1000.0000: 416,41,6,474,2,5,0.0346,0.8966,5
MAPE: 0.9525: 389,14,3,261,2,2,0.0636,0.1938,3
MAPE: 1000.0000: 127,21,8,128,7,12,0.0195,0.5583,7
MAPE: 1000.0000: 13,42,5,350,2,5,0.0692,0.3301,3
MAPE: 0.9525: 152,3,4,130,3,5,0.0259,0.3591,7
MAPE: 1000.0000: 49,25,5,467,9,15,0.0109,0.7715,2
MAPE: 0.9525: 461,8,2,427,2,17,0.078,0.0525,7
MAPE: 1000.0000: 75,8,6,282,9,8,0.0099,0.4009,3
MAPE: 1000.0000: 253,20,5,362,7,11,0.0789,0.8645,6
MAPE: 1000.0000: 463,34,9,172,3,5,0.0866,0.5549,8
MAPE: 1000.0000: 22,29,9,218,9,4,0.08,0.8703,2
MAPE: 1000.0000: 55,6,3,163,3,18,0.0766,0.3383,3
MAPE: 1000.0000: 291,26,4,190,2,4,0.0838,0.7756,6
MAPE: 1000.0000: 166,44,2,81,8,5,0.0717,0.5819,2
MAPE: 1000.0000: 413,18,4,370,7,5,0.0425,0.2906,5
MAPE: 1000.0000: 113,47,7,416,4,14,0.0312,0.1135,3
MAPE: 1000.0000: 165,8,4,274,10,15,0.0279,0.9278,7
MAPE: 0.9525: 114,47,4,294,3,12,0.0043,0.5408,9
MAPE: 1000.0000: 229,9,4,54,7,18,0.0294,0.4915,8
MAPE: 1000.0000: 413,22,5,160,4,4,0.039,0.05,4
MAPE: 1000.0000: 67,17,10,404,2,7,0.0615,0.8571,9
MAPE: 1000.0000: 21,8,4,272,6,15,0.0265,0.2469,4
MAPE: 1000.0000: 392,46,5,319,10,5,0.0436,0.8755,7
MAPE: 0.9525: 108,8,2,112,4,2,0.0513,0.7567,8
MAPE: 1000.0000: 388,43,10,337,1,7,0.0769,0.9787,3
MAPE: 0.9525: 475,35,5,26,3,9,0.0834,0.9385,7
MAPE: 1000.0000: 22,16,8,227,3,6,0.0274,0.9948,3
MAPE: 1000.0000: 159,38,2,145,5,12,0.0965,0.4798,5
MAPE: 0.3136: 495,47,6,69,1,9,0.0085,0.5348,7
MAPE: 1000.0000: 343,17,4,51,5,10,0.0637,0.8071,4
MAPE: 1000.0000: 256,26,5,451,9,11,0.0617,0.8088,4
MAPE: 0.9525: 404,11,3,69,7,12,0.0142,0.8451,7
MAPE: 1000.0000: 187,24,10,247,5,17,0.0503,0.7111,3
MAPE: 1000.0000: 12,18,6,336,7,2,0.0621,0.2328,3
MAPE: 1000.0000: 428,40,8,113,6,10,0.0834,0.0983,2
MAPE: 1000.0000: 131,42,8,286,5,4,0.0191,0.6418,9
MAPE: 0.9525: 329,24,9,75,9,8,0.0835,0.4186,9
MAPE: 0.9525: 245,32,6,26,6,19,0.0326,0.8055,6
MAPE: 1000.0000: 53,42,6,268,9,17,0.0472,0.7666,3
MAPE: 0.9525: 338,4,1,195,3,15,0.0227,0.3002,5
MAPE: 0.9525: 13,43,2,272,2,3,0.0902,0.2421,6
MAPE: 1000.0000: 160,4,2,223,5,7,0.0648,0.0456,10
MAPE: 1000.0000: 406,27,3,430,8,17,0.0097,0.1556,5
MAPE: 0.9525: 149,9,4,11,3,16,0.0963,0.3324,8
MAPE: 1000.0000: 129,23,10,467,9,11,0.0793,0.2731,10
MAPE: 1000.0000: 103,39,8,255,9,6,0.0697,0.3421,9
MAPE: 1000.0000: 295,11,6,185,9,16,0.0171,0.451,9
MAPE: 1000.0000: 26,6,4,82,6,5,0.0563,0.1255,5
MAPE: 1000.0000: 339,12,7,482,3,7,0.0524,0.361,4
MAPE: 1000.0000: 343,17,4,318,10,4,0.0316,0.4676,5
MAPE: 1000.0000: 221,17,8,247,7,2,0.0834,0.1324,3
MAPE: 1000.0000: 364,21,10,415,6,18,0.0967,0.2805,8
MAPE: 1000.0000: 298,39,4,483,5,15,0.0182,0.0839,7
MAPE: 1000.0000: 203,34,2,305,8,10,0.063,0.2212,2
MAPE: 1000.0000: 282,5,6,406,1,16,0.0661,0.6402,4
MAPE: 1000.0000: 493,26,6,312,5,5,0.0493,0.797,4
MAPE: 1000.0000: 74,40,7,177,9,1,0.0855,0.1337,3
MAPE: 1000.0000: 248,34,5,211,3,15,0.0888,0.1742,10
MAPE: 0.9525: 273,26,1,147,3,16,0.0222,0.301,5
MAPE: 1000.0000: 510,12,4,178,5,7,0.0474,0.2827,3
MAPE: 1000.0000: 135,4,9,113,2,7,0.0754,0.7605,10
MAPE: 1000.0000: 401,39,3,151,7,16,0.0931,0.5842,4
MAPE: 0.9525: 340,10,2,149,2,10,0.0632,0.221,1
MAPE: 1000.0000: 31,37,4,61,5,2,0.0889,0.9471,1
MAPE: 1000.0000: 29,28,4,453,4,6,0.0851,0.1424,9
MAPE: 1000.0000: 367,39,9,499,1,13,0.0662,0.1325,7
MAPE: 1000.0000: 241,48,9,239,2,1,0.0278,0.8776,5
MAPE: 1000.0000: 166,32,4,476,7,19,0.0737,0.3116,6
MAPE: 1000.0000: 484,4,5,378,2,19,0.0675,0.6771,4
MAPE: 0.9525: 287,36,1,168,6,11,0.0925,0.5583,2
MAPE: 0.0569: 172,29,5,449,3,5,0.0007,0.8952,5
MAPE: 0.4273: 434,26,2,21,4,3,0.0135,0.5392,3
MAPE: 1000.0000: 56,29,9,435,5,11,0.0362,0.5173,8
MAPE: 1000.0000: 198,11,6,70,10,18,0.0724,0.8773,4
MAPE: 1000.0000: 220,40,8,279,2,8,0.0845,0.2583,8
MAPE: 0.9525: 390,5,6,244,1,2,0.0541,0.6796,2
MAPE: 1000.0000: 204,12,9,287,3,15,0.0651,0.6088,10
MAPE: 1000.0000: 79,39,3,493,5,8,0.0662,0.6778,7
MAPE: 1000.0000: 75,49,7,44,3,1,0.0473,0.0188,6
MAPE: 0.2096: 235,7,4,466,1,12,0.0057,0.8948,2
MAPE: 1000.0000: 438,30,10,467,9,19,0.0958,0.1338,6
MAPE: 1000.0000: 69,3,6,305,9,17,0.0098,0.5486,1
MAPE: 1000.0000: 257,43,7,355,7,9,0.0945,0.826,6
MAPE: 1000.0000: 156,7,9,385,2,12,0.0405,0.9913,5
MAPE: 1000.0000: 350,24,9,134,8,13,0.08,0.7422,3
MAPE: 1000.0000: 97,19,8,382,5,19,0.0303,0.2055,2
MAPE: 1000.0000: 147,28,5,133,8,7,0.0696,0.2468,9
MAPE: 0.9525: 271,15,1,146,2,1,0.0912,0.3177,4
MAPE: 1000.0000: 91,18,2,150,7,19,0.0323,0.9242,2
MAPE: 1000.0000: 232,12,8,361,5,4,0.0158,0.0783,5
MAPE: 1000.0000: 455,13,7,114,2,16,0.0615,0.0624,8
MAPE: 1000.0000: 183,38,2,98,6,2,0.0852,0.0136,5
MAPE: 1.2657: 27,19,7,7,1,4,0.0431,0.7835,3
MAPE: 1000.0000: 190,14,6,181,7,6,0.0135,0.901,9
MAPE: 1000.0000: 297,10,8,413,4,13,0.0476,0.5983,1
MAPE: 0.4700: 271,20,1,74,8,15,0.0122,0.462,8
MAPE: 1000.0000: 445,27,8,54,9,8,0.0586,0.3633,2
MAPE: 1000.0000: 497,15,9,244,3,18,0.0283,0.8303,3
MAPE: 0.1886: 167,30,5,27,2,5,0.0214,0.9312,9
MAPE: 1000.0000: 336,36,4,217,9,14,0.0127,0.9777,3
MAPE: 0.9525: 113,47,3,400,1,8,0.0844,0.1047,9
MAPE: 0.9525: 439,39,7,277,7,4,0.0016,0.3775,4
MAPE: 1000.0000: 396,16,4,132,9,13,0.0118,0.9582,6
MAPE: 0.0566: 26,19,9,217,2,5,0.0016,0.928,7
MAPE: 1000.0000: 133,41,3,462,5,4,0.0108,0.2196,3
MAPE: 1000.0000: 196,50,6,190,9,9,0.085,0.9446,1
MAPE: 1000.0000: 435,25,8,279,6,8,0.0958,0.2195,5
MAPE: 0.2292: 168,49,5,106,6,12,0.0023,0.1401,4
MAPE: 0.9525: 308,33,6,71,7,17,0.0093,0.3622,7
MAPE: 1000.0000: 489,18,8,348,8,16,0.0783,0.0307,1
MAPE: 1000.0000: 162,46,3,32,7,6,0.0614,0.9167,3
MAPE: 1000.0000: 367,26,8,412,9,11,0.0717,0.9463,10
MAPE: 0.9525: 110,20,3,480,1,18,0.0392,0.3048,4
MAPE: 1000.0000: 75,26,9,247,5,3,0.072,0.3564,2
MAPE: 1000.0000: 476,26,8,402,8,3,0.0646,0.24,7
MAPE: 1000.0000: 328,14,6,247,2,15,0.0218,0.8572,2
MAPE: 1000.0000: 274,30,9,436,6,1,0.0799,0.3689,3
MAPE: 1000.0000: 265,37,6,396,9,4,0.0592,0.7276,4
MAPE: 1000.0000: 59,27,4,467,4,15,0.0306,0.428,8
MAPE: 1000.0000: 164,13,7,337,9,12,0.0412,0.3167,2
MAPE: 1000.0000: 224,35,8,125,6,3,0.0264,0.2119,3
MAPE: 1000.0000: 314,33,8,24,6,8,0.0879,0.4436,6
MAPE: 0.9525: 61,36,6,154,1,4,0.0965,0.7671,1
MAPE: 1000.0000: 458,10,8,394,6,9,0.0196,0.142,2
MAPE: 1000.0000: 363,13,8,389,9,17,0.0868,0.0276,8
MAPE: 0.9525: 153,29,5,220,3,12,0.0047,0.1326,8
MAPE: 1000.0000: 277,1,9,245,9,18,0.0211,0.4857,7
MAPE: 1000.0000: 293,20,3,214,6,16,0.0684,0.4715,3
MAPE: 1000.0000: 439,20,7,488,9,19,0.0981,0.6012,3
MAPE: 1000.0000: 318,33,2,222,9,13,0.0529,0.974,2
MAPE: 1000.0000: 351,4,5,20,6,17,0.0544,0.4863,6
MAPE: 1000.0000: 62,16,3,499,6,5,0.0507,0.8457,9
MAPE: 0.9525: 165,32,3,18,8,5,0.0492,0.5535,3
MAPE: 1000.0000: 201,22,2,260,5,16,0.0362,0.0242,3
MAPE: 0.9525: 386,24,6,199,9,7,0.0027,0.3843,9
MAPE: 0.9525: 285,48,6,311,1,16,0.0368,0.6666,6
MAPE: 1000.0000: 121,17,7,168,9,5,0.0159,0.2013,4
MAPE: 4.1307: 423,25,10,60,5,16,0.046,0.7662,4
MAPE: 1000.0000: 483,7,7,242,6,16,0.0546,0.3272,4
MAPE: 0.9525: 21,33,2,7,2,9,0.0837,0.6806,7
MAPE: 1000.0000: 219,18,4,305,2,8,0.0831,0.5734,3
MAPE: 1000.0000: 56,47,4,277,6,9,0.0272,0.4405,8
MAPE: 1000.0000: 368,36,7,442,6,11,0.0081,0.6625,4
MAPE: 0.9525: 328,6,9,263,5,6,0.0013,0.502,3
MAPE: 1000.0000: 28,2,3,153,9,6,0.0631,0.7717,4
MAPE: 1000.0000: 22,15,2,81,8,14,0.0448,0.5096,8
MAPE: 1000.0000: 348,25,2,188,4,13,0.0598,0.3379,9
MAPE: 1000.0000: 87,19,4,68,8,15,0.0625,0.6896,7
MAPE: 1000.0000: 116,27,6,496,6,19,0.0888,0.5364,5
MAPE: 1000.0000: 318,34,9,490,4,20,0.0907,0.6996,2
MAPE: 1000.0000: 501,32,2,148,8,13,0.0776,0.4768,5
MAPE: 0.9525: 392,36,3,88,1,4,0.0412,0.9739,5
MAPE: 1000.0000: 497,42,5,249,6,14,0.088,0.8754,5
MAPE: 1000.0000: 377,50,5,346,4,5,0.018,0.6483,4
MAPE: 1000.0000: 347,36,5,360,8,14,0.0784,0.0494,6
MAPE: 1000.0000: 407,3,7,127,2,17,0.0639,0.0303,8
MAPE: 1000.0000: 328,39,8,409,6,8,0.093,0.1156,9
MAPE: 1000.0000: 38,34,8,145,8,3,0.0112,0.1907,6
MAPE: 1000.0000: 478,49,8,31,5,2,0.0644,0.3886,10
MAPE: 1000.0000: 199,28,8,357,7,11,0.0672,0.6462,9
MAPE: 1000.0000: 286,32,9,225,8,3,0.043,0.0425,7
MAPE: 1000.0000: 44,23,1,463,8,12,0.0775,0.0548,5
MAPE: 0.9525: 313,20,2,193,5,13,0.0196,0.9269,5
MAPE: 1000.0000: 415,10,5,242,10,14,0.0522,0.0999,10
MAPE: 1000.0000: 344,27,7,355,5,16,0.0194,0.5148,9
MAPE: 0.9525: 78,49,3,95,2,13,0.0499,0.1899,9
MAPE: 1000.0000: 142,5,7,78,2,20,0.0619,0.9768,5
MAPE: 0.9525: 329,50,5,461,6,19,0.0029,0.0385,9
MAPE: 1000.0000: 203,32,9,114,6,10,0.0439,0.5243,3
MAPE: 1000.0000: 240,21,3,116,8,12,0.0515,0.1663,9
MAPE: 1000.0000: 213,28,6,132,10,2,0.0691,0.7957,8
MAPE: 1000.0000: 309,6,8,332,4,11,0.0443,0.9345,9
MAPE: 1000.0000: 118,2,4,494,3,16,0.0592,0.4604,5
MAPE: 1000.0000: 473,19,4,223,3,9,0.0221,0.001,1
MAPE: 1000.0000: 232,37,10,273,4,18,0.0748,0.822,7
MAPE: 0.9525: 286,45,1,260,1,17,0.0296,0.3059,9
MAPE: 0.9525: 130,44,2,233,6,7,0.0076,0.1775,7
MAPE: 1000.0000: 247,10,8,450,7,3,0.0747,0.2312,9
MAPE: 1000.0000: 499,6,8,251,8,4,0.0833,0.6938,8
MAPE: 0.9525: 209,42,2,266,4,12,0.0332,0.6224,7
MAPE: 1000.0000: 382,19,6,44,8,14,0.0454,0.961,5
MAPE: 1000.0000: 109,38,6,225,10,10,0.0167,0.0333,6
MAPE: 1000.0000: 277,24,9,18,5,9,0.0564,0.3861,7
MAPE: 1000.0000: 10,27,9,193,7,11,0.0164,0.2298,5
MAPE: 1000.0000: 39,47,9,247,3,3,0.0881,0.3788,1
MAPE: 1000.0000: 296,24,4,274,7,5,0.035,0.7501,4
MAPE: 1000.0000: 143,19,5,470,5,20,0.0657,0.3851,8
MAPE: 1000.0000: 76,1,3,150,9,16,0.0932,0.2506,8
MAPE: 1000.0000: 422,4,9,490,9,16,0.0505,0.332,4
MAPE: 1000.0000: 109,39,9,412,9,11,0.0681,0.2384,2
MAPE: 1000.0000: 450,2,3,363,10,11,0.0925,0.7128,8
MAPE: 0.7481: 430,32,6,7,2,12,0.015,0.3514,3
MAPE: 1000.0000: 463,22,8,372,9,16,0.0449,0.1398,8
MAPE: 1000.0000: 388,11,8,275,4,14,0.0299,0.9955,7
MAPE: 1000.0000: 255,6,8,487,7,15,0.0331,0.5977,6
MAPE: 1000.0000: 473,16,6,368,3,19,0.0718,0.6499,6
MAPE: 0.9525: 350,33,1,174,6,4,0.0857,0.9965,7
MAPE: 1000.0000: 303,17,9,105,3,12,0.0563,0.8541,1
MAPE: 1000.0000: 400,2,5,116,5,12,0.023,0.7172,8
MAPE: 1000.0000: 390,38,1,219,6,8,0.0989,0.8936,1
MAPE: 0.9525: 301,40,3,384,4,9,0.0101,0.8155,2
MAPE: 1000.0000: 64,34,2,419,8,3,0.0616,0.2794,3
MAPE: 1000.0000: 501,39,2,136,7,10,0.0375,0.3696,4
MAPE: 1000.0000: 390,17,8,239,6,5,0.078,0.4011,10
MAPE: 1000.0000: 330,24,10,204,9,6,0.0582,0.8609,3
MAPE: 1000.0000: 456,34,8,312,3,6,0.0594,0.9318,7
MAPE: 1000.0000: 375,37,7,286,7,18,0.0921,0.9916,3
MAPE: 1000.0000: 382,11,4,393,2,17,0.0806,0.1588,6
MAPE: 1000.0000: 288,6,5,216,10,19,0.0407,0.4534,7
MAPE: 0.9525: 64,4,2,61,9,14,0.0138,0.7865,9
MAPE: 1000.0000: 376,43,5,299,2,10,0.0827,0.3648,7
MAPE: 1000.0000: 28,13,10,338,8,5,0.0471,0.0773,2
MAPE: 1000.0000: 108,19,8,130,4,13,0.0254,0.1317,8
MAPE: 1000.0000: 442,21,9,248,4,17,0.0901,0.282,1
MAPE: 1000.0000: 100,30,10,369,3,7,0.0305,0.2761,8
MAPE: 1000.0000: 21,24,7,154,6,10,0.0565,0.3162,3
MAPE: 1000.0000: 509,37,5,497,9,6,0.0176,0.7612,8
MAPE: 1000.0000: 394,27,6,364,8,18,0.0691,0.9439,4
MAPE: 1000.0000: 327,29,7,409,7,14,0.0503,0.3345,3
MAPE: 1000.0000: 10,46,4,288,10,14,0.0261,0.3434,2
MAPE: 0.9525: 328,41,6,114,1,20,0.0736,0.5451,6
MAPE: 4.1307: 487,25,7,143,4,10,0.0056,0.7422,2
MAPE: 1000.0000: 171,44,5,446,9,18,0.0304,0.9519,10
MAPE: 1000.0000: 128,17,7,401,8,17,0.0636,0.0225,7
MAPE: 1000.0000: 444,35,1,231,7,6,0.0841,0.2321,4
MAPE: 1.1012: 462,48,2,1,4,3,0.0877,0.4322,6
MAPE: 1000.0000: 396,12,9,207,7,15,0.0177,0.2624,5
MAPE: 1000.0000: 326,49,3,290,8,15,0.0738,0.4735,8
MAPE: 1000.0000: 385,5,7,446,8,9,0.0362,0.7772,2
MAPE: 1000.0000: 401,3,3,330,8,14,0.0743,0.3722,8
MAPE: 1000.0000: 466,20,3,159,6,7,0.07,0.526,3
MAPE: 1000.0000: 243,19,9,26,8,2,0.048,0.7611,7
MAPE: 0.9525: 38,14,6,17,9,6,0.0101,0.9469,4
MAPE: 0.9525: 76,3,6,388,1,4,0.0688,0.8041,3
MAPE: 0.9525: 347,10,1,212,1,8,0.0903,0.2572,3
MAPE: 1000.0000: 68,43,7,20,4,17,0.0986,0.7302,3
MAPE: 1000.0000: 262,25,6,153,7,16,0.0206,0.7503,9
MAPE: 1000.0000: 498,37,3,323,3,12,0.0297,0.3298,2
MAPE: 1000.0000: 48,28,9,243,5,12,0.0666,0.5105,8
MAPE: 1000.0000: 152,18,9,270,3,14,0.0501,0.9523,3
MAPE: 0.9525: 335,42,1,262,3,3,0.0676,0.3605,7
MAPE: 1000.0000: 430,34,8,448,9,13,0.0779,0.4944,3
MAPE: 1000.0000: 25,44,4,181,5,19,0.0458,0.1628,4
MAPE: 1000.0000: 247,42,9,177,3,16,0.0901,0.0621,1
MAPE: 1000.0000: 53,7,3,295,3,11,0.0669,0.9852,10
MAPE: 1000.0000: 224,14,8,371,6,2,0.0745,0.6974,3
MAPE: 1000.0000: 227,9,2,442,5,1,0.0512,0.5579,1
MAPE: 0.9525: 394,2,4,122,2,16,0.0545,0.3245,5
MAPE: 1000.0000: 95,50,8,157,6,10,0.0978,0.8468,2
MAPE: 1000.0000: 281,10,2,148,10,10,0.0373,0.0686,6
MAPE: 0.9525: 509,19,3,326,2,7,0.0159,0.2113,3
MAPE: 0.0645: 88,50,7,73,8,4,0.0065,0.8346,5
MAPE: 1000.0000: 118,42,3,191,9,9,0.0288,0.6308,8
MAPE: 1000.0000: 340,23,8,247,4,20,0.0103,0.0097,5
MAPE: 1000.0000: 123,47,6,480,2,15,0.039,0.7653,9
MAPE: 1000.0000: 492,23,9,418,3,19,0.0513,0.8366,7
MAPE: 0.9525: 316,8,5,177,8,16,0.0037,0.777,3
MAPE: 0.9525: 446,5,3,106,6,19,0.015,0.5593,9
MAPE: 0.9525: 140,13,5,237,1,18,0.0192,0.7775,5
MAPE: 1000.0000: 224,35,3,282,4,14,0.0521,0.5835,8
MAPE: 0.9525: 113,12,1,291,8,11,0.0387,0.1028,6
MAPE: 0.9525: 409,32,3,400,2,19,0.0133,0.0441,8
MAPE: 1000.0000: 201,41,7,151,2,14,0.0433,0.3276,9
MAPE: 1000.0000: 118,44,8,292,7,5,0.0647,0.1005,2
MAPE: 1000.0000: 140,18,3,286,5,11,0.0465,0.6065,9
MAPE: 0.9525: 375,13,8,2,4,19,0.0736,0.5576,6
MAPE: 1000.0000: 441,21,6,125,2,5,0.0662,0.8186,2
MAPE: 1000.0000: 274,38,3,499,9,10,0.0042,0.8511,6
MAPE: 1000.0000: 431,16,7,107,7,7,0.0867,0.6285,2
MAPE: 0.9525: 202,1,1,150,6,8,0.0827,0.3533,8
MAPE: 1000.0000: 34,27,8,64,7,9,0.0825,0.1216,7
MAPE: 0.9525: 83,30,5,3,6,10,0.0811,0.1122,4
MAPE: 0.9525: 128,23,3,227,2,10,0.0676,0.8499,7
MAPE: 1000.0000: 112,33,6,116,3,19,0.0497,0.2709,5
MAPE: 1000.0000: 394,6,6,65,7,19,0.0899,0.9858,4
MAPE: 0.4760: 432,39,4,162,1,3,0.0046,0.6689,6
MAPE: 1000.0000: 289,16,3,147,6,15,0.093,0.1622,8
MAPE: 1000.0000: 403,6,1,432,8,7,0.0589,0.5967,5
MAPE: 0.9525: 80,35,2,311,2,17,0.0814,0.0726,9
MAPE: 1000.0000: 30,13,10,60,3,20,0.0813,0.9554,4
MAPE: 1000.0000: 29,30,8,198,2,2,0.0417,0.4975,9
MAPE: 1000.0000: 389,13,3,259,4,8,0.0725,0.634,6
MAPE: 1000.0000: 295,44,6,370,3,6,0.0294,0.5377,5
MAPE: 0.9525: 355,13,7,28,6,7,0.0146,0.0405,9
MAPE: 0.9525: 222,43,1,331,9,16,0.0045,0.6047,4
MAPE: 1000.0000: 423,47,8,201,7,12,0.0401,0.6412,7
MAPE: 1000.0000: 287,32,10,206,8,4,0.056,0.594,2
MAPE: 1000.0000: 128,47,3,445,10,7,0.094,0.1499,5
MAPE: 1000.0000: 309,31,10,39,2,13,0.0645,0.9175,5
MAPE: 1000.0000: 174,17,9,410,8,16,0.0336,0.6711,7
MAPE: 1000.0000: 412,29,10,90,2,14,0.0233,0.8508,4
MAPE: 0.9525: 306,14,3,469,1,2,0.0525,0.3577,5
MAPE: 1000.0000: 55,47,3,134,3,12,0.0588,0.4439,7
MAPE: 1.1278: 485,10,5,8,9,5,0.0295,0.0433,2
MAPE: 1000.0000: 89,3,9,401,10,11,0.0107,0.1548,7
MAPE: 1.2942: 29,21,7,3,9,12,0.0987,0.1365,9
MAPE: 1000.0000: 425,4,5,14,9,3,0.0867,0.2372,9
MAPE: 1000.0000: 245,10,6,276,7,20,0.0552,0.6576,4
MAPE: 1000.0000: 439,43,10,286,10,10,0.0049,0.4072,9
MAPE: 0.9525: 349,15,1,312,5,3,0.0617,0.0788,2
MAPE: 0.9525: 89,42,7,225,1,17,0.0265,0.4987,7
MAPE: 0.9525: 456,8,2,267,4,17,0.0489,0.3546,5
MAPE: 1000.0000: 305,49,3,446,4,12,0.0783,0.9738,3
MAPE: 1000.0000: 349,8,6,342,2,10,0.0451,0.0027,7
MAPE: 1000.0000: 402,11,2,290,4,6,0.0542,0.8944,7
MAPE: 1000.0000: 356,43,2,242,6,16,0.0436,0.232,3
MAPE: 1000.0000: 88,29,7,52,7,2,0.0708,0.3621,10
MAPE: 1000.0000: 320,29,10,494,3,13,0.0954,0.6195,6
MAPE: 1000.0000: 162,17,2,374,9,2,0.0935,0.2287,8
MAPE: 1000.0000: 358,48,2,458,9,19,0.0754,0.9665,6
MAPE: 1000.0000: 182,13,8,452,5,19,0.0383,0.9311,9
MAPE: 1000.0000: 481,36,2,105,10,14,0.068,0.2422,3
MAPE: 1000.0000: 44,12,4,204,4,13,0.0733,0.8875,6
MAPE: 1000.0000: 287,7,6,356,9,12,0.0675,0.6373,9
MAPE: 1000.0000: 325,20,5,42,3,10,0.069,0.4563,2
MAPE: 0.9525: 29,17,2,167,4,2,0.015,0.4988,10
MAPE: 1000.0000: 479,31,2,156,4,12,0.089,0.6914,3
MAPE: 1000.0000: 76,14,6,208,3,3,0.0852,0.6792,3
MAPE: 1000.0000: 111,34,4,401,7,13,0.0787,0.4359,3
MAPE: 1000.0000: 197,37,9,309,9,12,0.0127,0.9273,3
MAPE: 1000.0000: 395,16,2,338,10,3,0.0978,0.0274,6
MAPE: 0.9525: 89,30,2,67,7,8,0.0327,0.5805,6
MAPE: 1000.0000: 160,50,4,213,7,16,0.053,0.8392,1
MAPE: 1000.0000: 149,40,4,463,6,19,0.0249,0.5109,10
MAPE: 1000.0000: 89,35,6,439,9,4,0.0599,0.3694,5
MAPE: 1000.0000: 368,12,9,74,9,7,0.0633,0.3077,2
MAPE: 1000.0000: 274,40,9,243,8,5,0.0126,0.7859,6
MAPE: 1000.0000: 53,10,6,65,3,6,0.0396,0.2926,1
MAPE: 0.9525: 188,48,6,59,4,8,0.0108,0.3499,2
MAPE: 0.9525: 434,36,6,45,6,20,0.0041,0.4536,9
MAPE: 1000.0000: 150,39,9,292,9,3,0.0414,0.1348,5
MAPE: 1000.0000: 465,26,2,299,4,20,0.0356,0.2458,5
MAPE: 0.0495: 98,46,2,131,6,13,0.0019,0.8519,7
MAPE: 1000.0000: 443,32,2,330,6,4,0.0482,0.5395,3
MAPE: 1000.0000: 26,31,7,471,9,7,0.0507,0.5539,2
MAPE: 0.9525: 358,3,2,175,1,11,0.0315,0.7164,6
MAPE: 1000.0000: 142,31,2,316,8,11,0.0918,0.0299,7
MAPE: 1000.0000: 158,37,8,224,5,13,0.01,0.7741,10
MAPE: 1000.0000: 477,42,2,169,5,17,0.0834,0.4897,2
MAPE: 1000.0000: 485,28,5,126,2,8,0.0672,0.0404,2
MAPE: 1000.0000: 280,12,2,61,7,12,0.0724,0.3896,9
MAPE: 1000.0000: 173,12,5,393,2,4,0.0687,0.7582,3
MAPE: 1000.0000: 179,20,8,332,5,4,0.0465,0.3816,2
MAPE: 1000.0000: 459,7,9,158,9,10,0.0617,0.4411,5
MAPE: 1000.0000: 460,19,8,373,2,5,0.0653,0.6126,7
MAPE: 1.4128: 191,30,4,1,1,11,0.0954,0.1236,7
MAPE: 1000.0000: 468,16,7,113,6,13,0.0344,0.0149,5
MAPE: 1000.0000: 169,24,2,452,6,4,0.0297,0.5947,8
MAPE: 0.9525: 13,47,1,44,5,8,0.0913,0.6733,3
MAPE: 1000.0000: 501,41,4,24,10,12,0.0913,0.6907,2
MAPE: 0.9525: 39,16,1,434,9,11,0.0228,0.5114,7
MAPE: 0.9525: 248,8,4,94,3,14,0.0261,0.3308,1
MAPE: 1000.0000: 249,27,4,194,4,17,0.0383,0.7879,9
MAPE: 1000.0000: 329,13,3,312,3,12,0.0874,0.602,5
MAPE: 0.9525: 123,20,6,32,2,13,0.0688,0.3868,8
MAPE: 1000.0000: 404,30,6,355,3,20,0.0787,0.6244,10
MAPE: 0.3408: 507,4,6,432,4,2,0.0014,0.9761,2
MAPE: 1000.0000: 490,17,7,473,3,14,0.0949,0.3281,10
MAPE: 1000.0000: 187,33,9,207,6,3,0.0746,0.6032,1
MAPE: 1000.0000: 484,15,9,73,10,2,0.0147,0.6253,7
MAPE: 1000.0000: 176,33,4,397,4,1,0.0443,0.3059,3
MAPE: 0.9525: 203,6,2,100,5,10,0.0214,0.0986,2
MAPE: 0.9525: 459,45,7,241,1,10,0.0228,0.7103,2
MAPE: 1000.0000: 211,31,10,231,1,8,0.0909,0.9173,4
MAPE: 0.9525: 266,40,3,115,2,14,0.0988,0.118,6
MAPE: 0.9525: 443,10,3,112,2,7,0.0262,0.3104,9
MAPE: 1000.0000: 473,48,6,34,9,12,0.0889,0.9515,6
MAPE: 1000.0000: 337,3,7,460,7,3,0.0516,0.5385,10
MAPE: 1000.0000: 224,39,4,253,9,14,0.0817,0.4459,3
MAPE: 0.9525: 337,12,2,41,6,19,0.0479,0.5328,6
MAPE: 1000.0000: 254,3,7,386,4,19,0.0724,0.7842,9
MAPE: 1000.0000: 228,21,3,410,2,11,0.0516,0.8481,9
MAPE: 1000.0000: 199,34,2,148,4,2,0.0722,0.1113,2
MAPE: 1000.0000: 233,7,5,370,2,7,0.059,0.6541,8
MAPE: 0.0542: 224,22,2,96,9,3,0.0037,0.8627,7
MAPE: 1000.0000: 440,47,6,139,7,3,0.0384,0.5031,7
MAPE: 1000.0000: 116,14,6,466,5,3,0.0526,0.3459,3
MAPE: 0.9525: 337,29,10,35,2,3,0.0547,0.0285,10
MAPE: 1000.0000: 115,45,10,392,5,6,0.0141,0.1576,7
MAPE: 1000.0000: 47,49,4,360,7,8,0.0408,0.8068,7
MAPE: 0.9525: 297,36,1,317,3,14,0.0428,0.1768,4
MAPE: 0.9525: 458,30,2,203,3,13,0.0535,0.2661,6
MAPE: 1000.0000: 457,23,7,445,5,10,0.064,0.3674,3
MAPE: 1000.0000: 494,46,5,167,8,14,0.0159,0.2184,5
MAPE: 0.9525: 295,8,2,335,5,5,0.0089,0.2536,7
MAPE: 1000.0000: 410,43,8,139,7,1,0.0269,0.5003,8
MAPE: 1000.0000: 136,2,10,365,8,2,0.0359,0.963,1
MAPE: 1000.0000: 58,12,7,122,4,14,0.0681,0.1973,3
MAPE: 1000.0000: 261,30,6,107,2,5,0.0692,0.8112,5
MAPE: 1000.0000: 153,5,1,491,7,14,0.0632,0.5371,7
MAPE: 1000.0000: 199,36,7,108,7,2,0.0385,0.6443,4
MAPE: 1000.0000: 508,36,8,172,7,15,0.0223,0.4763,10
MAPE: 1000.0000: 301,28,9,408,5,20,0.0248,0.0405,2
MAPE: 1000.0000: 447,31,8,345,7,16,0.074,0.0712,6
MAPE: 1000.0000: 372,48,8,141,6,14,0.02,0.0786,5
MAPE: 1000.0000: 399,23,9,152,4,14,0.0386,0.0838,10
MAPE: 0.0564: 84,29,3,351,7,4,0.0005,0.5748,4
MAPE: 1000.0000: 347,29,4,494,3,4,0.0369,0.839,5
MAPE: 1000.0000: 31,42,9,185,4,5,0.0754,0.3587,7
MAPE: 1000.0000: 64,36,7,276,4,15,0.0207,0.1727,9
MAPE: 0.9525: 346,18,4,204,4,3,0.0082,0.7981,9
MAPE: 1000.0000: 388,18,5,153,5,6,0.0994,0.6417,2
MAPE: 0.0636: 96,28,2,31,9,11,0.0089,0.0904,1
MAPE: 0.9525: 473,33,7,279,8,6,0.0022,0.1756,2
MAPE: 1000.0000: 131,43,8,314,4,12,0.0232,0.0272,4
MAPE: 1000.0000: 317,2,4,269,4,14,0.0876,0.6432,3
MAPE: 1000.0000: 171,9,5,464,3,16,0.051,0.3122,6
MAPE: 0.9525: 247,41,3,108,4,13,0.0181,0.0556,4
MAPE: 1000.0000: 487,34,6,275,2,13,0.0724,0.7618,2
MAPE: 1000.0000: 434,26,9,147,3,16,0.0739,0.8265,1
MAPE: 0.9525: 391,30,2,424,3,6,0.0333,0.4747,2
MAPE: 1000.0000: 235,35,3,191,9,10,0.0765,0.4899,8
MAPE: 1000.0000: 155,18,2,414,5,14,0.0965,0.0161,1
MAPE: 0.9525: 272,42,7,155,1,16,0.0653,0.6567,5
MAPE: 0.9525: 333,16,1,132,5,15,0.0374,0.1287,7
MAPE: 1000.0000: 119,34,7,481,6,19,0.0053,0.756,6
MAPE: 0.9525: 368,49,3,356,2,12,0.0283,0.0961,5
MAPE: 1000.0000: 439,25,9,467,2,13,0.0363,0.128,7
MAPE: 1000.0000: 293,26,5,290,7,6,0.094,0.4105,9
MAPE: 1000.0000: 387,48,9,500,3,15,0.0341,0.9637,6
MAPE: 1000.0000: 346,17,9,448,5,15,0.0533,0.8323,7
MAPE: 0.2782: 145,1,5,374,2,6,0.0032,0.9994,7
MAPE: 1000.0000: 145,9,7,455,6,9,0.0064,0.1351,4
MAPE: 1000.0000: 183,47,6,254,4,12,0.0664,0.8645,9
MAPE: 1000.0000: 190,26,6,86,8,10,0.0452,0.2382,8
MAPE: 1000.0000: 18,28,9,49,8,1,0.0123,0.3778,4
MAPE: 1000.0000: 12,14,6,65,6,16,0.0443,0.079,2
MAPE: 1000.0000: 84,4,3,162,3,9,0.075,0.8624,4
MAPE: 0.3240: 313,24,3,397,5,1,0.0024,0.1644,5
MAPE: 1000.0000: 72,5,8,163,8,9,0.0815,0.0164,7
MAPE: 1000.0000: 399,43,6,52,6,1,0.068,0.4131,2
MAPE: 0.3059: 400,36,4,85,4,4,0.0032,0.3937,1
MAPE: 1000.0000: 390,22,10,431,4,8,0.0359,0.8741,4
MAPE: 1000.0000: 314,6,6,431,9,8,0.0454,0.9035,7
MAPE: 1000.0000: 507,33,3,413,5,2,0.0829,0.6661,5
MAPE: 1000.0000: 475,35,2,398,7,10,0.0759,0.4633,5
MAPE: 1000.0000: 479,2,3,494,8,17,0.0233,0.582,7
MAPE: 0.9525: 379,6,2,339,3,17,0.0717,0.9061,8
MAPE: 4.1307: 236,33,8,145,10,13,0.0717,0.6076,7
MAPE: 1000.0000: 433,32,8,113,4,6,0.0623,0.8755,8
MAPE: 1000.0000: 312,11,5,303,7,3,0.0844,0.145,8
MAPE: 1000.0000: 411,44,9,142,6,15,0.0997,0.7367,2
MAPE: 1000.0000: 250,49,8,426,7,11,0.0189,0.7423,9
MAPE: 1000.0000: 225,38,9,38,5,12,0.0817,0.982,4
MAPE: 0.9525: 394,29,2,262,2,13,0.0902,0.3422,9
MAPE: 1.5637: 113,12,2,17,2,8,0.0911,0.4962,5
MAPE: 1000.0000: 503,6,4,352,6,4,0.0629,0.0368,3
MAPE: 1000.0000: 482,3,5,276,9,11,0.0306,0.5811,10
MAPE: 0.9525: 251,46,3,6,7,16,0.0605,0.544,7
MAPE: 1000.0000: 35,37,4,9,8,6,0.0773,0.1931,7
MAPE: 1000.0000: 203,6,8,294,8,4,0.078,0.2827,5
MAPE: 1000.0000: 196,24,5,398,3,17,0.0822,0.4719,5
MAPE: 1000.0000: 406,33,8,345,2,16,0.0942,0.799,6
MAPE: 1000.0000: 132,26,8,375,4,3,0.0681,0.7623,7
MAPE: 1000.0000: 170,36,7,124,9,15,0.0753,0.0721,9
MAPE: 1000.0000: 290,13,6,244,9,7,0.0174,0.4213,4
MAPE: 1000.0000: 410,42,10,387,9,15,0.0783,0.4713,6
MAPE: 1000.0000: 136,34,8,165,4,12,0.0091,0.3287,6
MAPE: 1000.0000: 433,26,5,213,9,2,0.0259,0.9258,9
MAPE: 1000.0000: 57,35,3,175,3,8,0.0761,0.1101,9
MAPE: 1000.0000: 267,41,4,197,2,12,0.0664,0.8117,4
MAPE: 1000.0000: 138,7,2,273,9,11,0.0852,0.1782,3
MAPE: 1000.0000: 175,35,3,432,3,3,0.0788,0.791,10
MAPE: 1000.0000: 356,24,9,242,5,7,0.0536,0.7107,6
MAPE: 1000.0000: 125,39,7,416,2,1,0.0702,0.9227,6
MAPE: 1000.0000: 19,27,2,405,5,14,0.0752,0.4684,2
MAPE: 1000.0000: 14,15,7,302,9,5,0.0819,0.3333,6
MAPE: 1000.0000: 76,28,4,401,4,4,0.0151,0.708,10
MAPE: 0.1739: 45,4,3,6,8,4,0.0127,0.9458,5
MAPE: 1000.0000: 234,14,9,98,2,5,0.0606,0.6134,10
MAPE: 1000.0000: 432,14,8,372,5,10,0.0979,0.3804,3
MAPE: 1000.0000: 221,21,5,491,6,8,0.0353,0.5798,3
MAPE: 1000.0000: 295,37,7,438,1,18,0.0951,0.2313,6
MAPE: 1000.0000: 239,17,3,65,9,9,0.0883,0.7603,2
MAPE: 1000.0000: 420,46,10,293,9,8,0.0555,0.9465,5
MAPE: 1000.0000: 218,16,5,259,10,17,0.0336,0.3624,6
MAPE: 1000.0000: 179,23,8,266,9,19,0.058,0.7478,1
MAPE: 0.0639: 229,8,3,272,1,9,0.004,0.4231,3
MAPE: 1000.0000: 495,12,4,158,8,11,0.0999,0.2673,3
MAPE: 1000.0000: 390,26,10,305,7,2,0.0508,0.267,4
MAPE: 0.9525: 215,44,1,421,6,10,0.0194,0.0302,7
MAPE: 0.9525: 290,27,1,38,10,12,0.0561,0.2617,4
MAPE: 0.0583: 306,27,6,206,2,5,0.005,0.4799,4
MAPE: 1000.0000: 50,37,4,177,2,4,0.0964,0.7505,7
MAPE: 0.9525: 380,41,2,356,3,12,0.0468,0.2039,6
MAPE: 1000.0000: 345,29,6,128,6,11,0.0541,0.8772,4
MAPE: 1000.0000: 202,4,3,377,8,11,0.06,0.5779,4
MAPE: 0.9525: 382,21,1,153,2,14,0.0315,0.5559,8
MAPE: 1000.0000: 40,12,7,381,3,9,0.0876,0.2366,6
MAPE: 0.9525: 486,42,2,163,2,1,0.0689,0.7887,1
MAPE: 0.2858: 267,15,4,12,1,2,0.0405,0.0581,4
MAPE: 1000.0000: 82,5,4,135,7,20,0.0844,0.286,1
MAPE: 1000.0000: 322,25,3,400,7,2,0.0337,0.6529,4
MAPE: 1000.0000: 356,28,6,73,6,6,0.0445,0.3313,7
MAPE: 0.9525: 279,12,1,192,4,9,0.0202,0.914,7
MAPE: 1000.0000: 412,40,7,290,5,4,0.0232,0.6305,4
MAPE: 1000.0000: 207,3,6,98,2,7,0.0534,0.5214,9
MAPE: 0.9525: 487,24,6,161,3,8,0.0113,0.8958,7
MAPE: 0.3689: 210,7,8,101,9,1,0.0011,0.9336,1
MAPE: 1000.0000: 324,49,5,305,8,3,0.0501,0.9529,7
MAPE: 1000.0000: 47,10,4,190,3,9,0.0448,0.9818,5
MAPE: 1000.0000: 59,42,7,323,6,18,0.0205,0.2317,10
MAPE: 1000.0000: 470,5,5,232,2,9,0.0578,0.9325,4
MAPE: 1000.0000: 29,9,5,465,7,5,0.0269,0.2339,7
MAPE: 1000.0000: 396,12,3,447,9,18,0.0361,0.6905,6
MAPE: 1000.0000: 100,10,7,259,6,15,0.015,0.2659,9
MAPE: 0.9525: 246,14,2,318,2,18,0.0179,0.7919,9
MAPE: 0.0704: 392,14,2,84,1,16,0.003,0.6416,8
MAPE: 1000.0000: 407,37,6,290,7,10,0.0845,0.5247,8
MAPE: 1000.0000: 460,31,6,314,7,7,0.0716,0.8013,6
MAPE: 1000.0000: 118,5,5,459,6,14,0.099,0.696,10
MAPE: 0.9525: 476,20,5,22,8,15,0.0501,0.2692,7
MAPE: 1000.0000: 180,18,3,298,9,12,0.0416,0.5882,2
MAPE: 1000.0000: 191,29,2,345,9,15,0.0786,0.042,5
MAPE: 1000.0000: 204,36,9,263,5,13,0.0559,0.9581,8
MAPE: 1000.0000: 157,49,3,134,7,17,0.0408,0.8347,3
MAPE: 0.9525: 344,6,3,448,2,20,0.0538,0.6784,3
MAPE: 0.9525: 322,38,1,497,4,17,0.0858,0.9157,5
MAPE: 0.9525: 324,31,2,118,2,14,0.0455,0.443,5
MAPE: 0.9525: 43,34,6,370,7,6,0.0016,0.4311,5
MAPE: 1000.0000: 175,44,3,181,8,3,0.0714,0.2885,9
MAPE: 1000.0000: 440,28,8,197,9,7,0.0187,0.4133,2
MAPE: 1000.0000: 107,19,5,329,8,18,0.0718,0.2684,6
MAPE: 1000.0000: 126,13,4,455,5,5,0.0414,0.5803,9
MAPE: 1000.0000: 26,42,3,168,6,18,0.0194,0.0316,2
MAPE: 1000.0000: 431,10,6,203,9,2,0.0058,0.3619,8
MAPE: 1000.0000: 156,17,5,365,4,6,0.0066,0.9288,7
MAPE: 1000.0000: 357,9,5,402,8,19,0.0652,0.9594,7
MAPE: 1000.0000: 88,21,3,80,5,19,0.0764,0.5291,5
MAPE: 1000.0000: 509,24,4,101,7,2,0.0812,0.7015,9
MAPE: 0.0547: 73,35,2,42,7,2,0.0065,0.6801,3
MAPE: 0.0817: 37,16,1,24,1,19,0.0355,0.9979,10
MAPE: 0.9525: 17,42,5,173,1,8,0.0455,0.2931,6
MAPE: 1000.0000: 403,2,6,32,8,8,0.0803,0.5535,7
MAPE: 0.9525: 12,15,4,266,2,16,0.0277,0.579,3
MAPE: 1000.0000: 345,49,4,161,2,7,0.0527,0.9838,9
MAPE: 1000.0000: 79,2,4,311,3,5,0.0706,0.8226,3
MAPE: 0.9525: 288,2,10,293,3,6,0.009,0.9828,6
MAPE: 1000.0000: 310,13,10,303,3,18,0.0102,0.1135,4
MAPE: 1000.0000: 283,40,10,225,5,13,0.0366,0.6838,8
MAPE: 1000.0000: 350,37,9,382,8,2,0.0716,0.8911,10
MAPE: 0.9525: 357,8,8,98,2,10,0.0102,0.6319,8
MAPE: 1000.0000: 24,19,9,436,4,9,0.0816,0.4342,3
MAPE: 1000.0000: 294,6,3,98,9,16,0.0583,0.2724,8
MAPE: 0.9525: 455,14,6,348,2,13,0.0089,0.3778,3
MAPE: 0.9525: 60,34,2,150,6,4,0.0264,0.7558,7
MAPE: 1000.0000: 282,11,5,105,3,4,0.0908,0.6008,8
MAPE: 1000.0000: 132,14,7,417,7,17,0.079,0.7088,8
MAPE: 1000.0000: 394,35,8,76,2,8,0.0844,0.0728,2
MAPE: 1000.0000: 301,48,4,264,9,17,0.0357,0.4519,7
MAPE: 0.9525: 138,35,2,150,5,13,0.0071,0.456,3
MAPE: 0.9525: 437,8,1,494,6,3,0.0145,0.7303,9
MAPE: 1000.0000: 76,5,7,200,4,9,0.072,0.9262,7
MAPE: 0.9525: 412,20,3,393,2,3,0.0656,0.9916,4
MAPE: 0.9525: 466,23,1,412,8,15,0.0341,0.1267,6
MAPE: 0.9525: 251,29,3,96,7,3,0.0152,0.6486,5
MAPE: 1000.0000: 439,14,3,31,10,5,0.0861,0.093,2
MAPE: 1000.0000: 365,22,4,274,6,17,0.0275,0.9763,6
MAPE: 1000.0000: 267,8,5,109,9,9,0.0584,0.7723,7
MAPE: 0.9525: 175,44,1,248,5,13,0.0268,0.2032,10
MAPE: 1000.0000: 61,46,8,368,4,11,0.0905,0.7073,4
MAPE: 1000.0000: 90,22,4,423,7,15,0.0313,0.1743,2
MAPE: 1000.0000: 164,33,7,88,9,4,0.0444,0.2689,6
MAPE: 1000.0000: 502,44,6,454,7,5,0.0382,0.7571,7
MAPE: 0.9525: 91,46,3,188,6,18,0.0111,0.0924,8
MAPE: 0.9525: 367,48,6,262,1,9,0.011,0.7591,8
MAPE: 1000.0000: 324,11,8,291,5,6,0.0499,0.178,4
MAPE: 1000.0000: 218,25,6,77,9,17,0.0981,0.6955,3
MAPE: 0.9525: 205,49,4,273,1,19,0.0218,0.8195,9
MAPE: 0.9525: 196,2,1,90,4,10,0.0773,0.448,10
MAPE: 0.4292: 474,39,8,19,2,3,0.0214,0.6255,2
MAPE: 1.6572: 235,3,7,18,7,13,0.0194,0.0428,6
MAPE: 0.9525: 316,48,1,498,2,17,0.0448,0.7036,8
MAPE: 1000.0000: 304,24,8,458,7,1,0.0541,0.5837,3
MAPE: 1000.0000: 434,38,3,246,6,19,0.0895,0.3311,7
MAPE: 1000.0000: 427,14,3,176,6,8,0.0911,0.7187,5
MAPE: 0.9525: 188,18,8,42,2,10,0.0278,0.3781,2
MAPE: 1000.0000: 293,16,9,272,3,16,0.0654,0.3974,10
MAPE: 1000.0000: 451,21,4,398,6,7,0.0339,0.5028,2
MAPE: 1000.0000: 511,2,9,136,3,7,0.0754,0.3636,6
MAPE: 0.9525: 168,7,3,129,8,16,0.0075,0.808,8
MAPE: 1.2942: 341,30,8,5,2,15,0.0471,0.2499,8
MAPE: 1000.0000: 109,22,2,428,8,3,0.0613,0.3601,3
MAPE: 1000.0000: 358,37,9,407,10,11,0.0696,0.9093,1
MAPE: 0.9525: 223,3,1,359,2,6,0.0559,0.5643,5
MAPE: 0.9525: 45,28,3,370,1,3,0.0161,0.7491,8
MAPE: 1000.0000: 64,33,9,187,7,5,0.0387,0.7175,9
MAPE: 1000.0000: 269,43,6,36,7,6,0.056,0.1254,9
MAPE: 1000.0000: 289,35,4,298,5,10,0.0377,0.361,2
MAPE: 1000.0000: 481,32,6,477,3,14,0.0448,0.9399,9
MAPE: 1000.0000: 159,18,7,47,6,15,0.052,0.7542,6
MAPE: 1000.0000: 81,31,4,298,7,11,0.0884,0.46,5
MAPE: 1000.0000: 260,42,3,461,9,12,0.0848,0.7101,6
MAPE: 1000.0000: 48,26,1,263,7,16,0.0825,0.9549,8
MAPE: 0.9525: 74,23,2,19,6,8,0.0965,0.9169,10
MAPE: 1000.0000: 410,35,9,30,8,12,0.0499,0.6319,9
MAPE: 1000.0000: 235,17,7,393,5,4,0.0836,0.4794,10
MAPE: 1000.0000: 485,20,6,98,3,2,0.0381,0.0703,5
MAPE: 1000.0000: 11,31,2,266,5,11,0.0333,0.0654,7
MAPE: 1000.0000: 63,30,7,154,8,8,0.0693,0.0323,1
MAPE: 1000.0000: 264,5,10,249,2,19,0.0909,0.0751,4
MAPE: 1000.0000: 31,19,10,58,9,5,0.0866,0.5601,2
MAPE: 1000.0000: 162,50,4,413,3,18,0.0227,0.1309,1
MAPE: 1000.0000: 313,5,6,457,7,19,0.0986,0.4876,2
MAPE: 1000.0000: 166,39,3,474,4,13,0.066,0.9604,2
MAPE: 1000.0000: 216,47,8,428,4,7,0.0925,0.0983,9
MAPE: 1000.0000: 450,35,6,275,3,9,0.0455,0.1198,9
MAPE: 0.9525: 367,42,6,213,1,5,0.0849,0.2438,8
MAPE: 1000.0000: 324,19,5,258,5,14,0.0879,0.8026,7
MAPE: 1000.0000: 68,18,9,34,7,3,0.0507,0.7807,3
MAPE: 1000.0000: 388,50,5,389,8,12,0.05,0.8505,5
MAPE: 1000.0000: 174,11,7,306,7,15,0.0492,0.5114,8
MAPE: 0.0528: 152,39,6,149,10,5,0.0009,0.9986,9
Step: 0, min MAPE: 0.049548198, hyperparameter: [97.71367349989937, 46.46861698557123, 1.842825201373226, 131.29372124296577, 6.122738428145256, 12.690256024046512, 0.0019222621517515856, 0.8518846655251098, 6.9923673192410645]
Data: 3, Round: 0, Step 1
MAPE: 0.0563: 64,20,1,141,1,8,0.01,0.7943,10
MAPE: 0.9525: 20,28,2,482,1,4,0.0072,0.638,3
MAPE: 0.9525: 125,39,9,426,7,2,0.0007,0.8882,2
MAPE: 0.9525: 28,20,2,334,7,2,0.0048,0.7926,5
MAPE: 0.0562: 116,44,1,29,4,7,0.0081,0.9713,10
MAPE: 0.9525: 79,42,5,159,4,14,0.0037,0.1525,7
MAPE: 0.0597: 57,14,1,86,5,6,0.0053,0.6387,6
MAPE: 4.1307: 106,34,1,38,7,10,0.0254,0.876,8
MAPE: 0.0521: 109,40,9,274,2,3,0.0005,0.7494,4
MAPE: 0.0553: 172,29,6,449,4,5,0.0007,0.8952,5
MAPE: 0.0540: 26,47,4,217,6,5,0.0016,0.928,7
MAPE: 0.9525: 26,50,5,160,8,4,0.0049,0.4975,2
MAPE: 0.0497: 98,46,2,86,6,13,0.0019,0.8519,7
MAPE: 0.0568: 224,22,2,96,9,3,0.0037,0.8931,7
MAPE: 0.0570: 84,29,3,351,7,20,0.0005,0.5748,4
MAPE: 0.0603: 96,28,2,31,9,4,0.0089,0.5586,1
MAPE: 0.0565: 123,42,3,272,1,9,0.0008,0.6963,3
MAPE: 0.3493: 306,27,6,206,2,3,0.005,0.7198,4
MAPE: 0.9525: 73,35,2,167,7,4,0.0047,0.6801,3
MAPE: 0.1909: 152,2,3,149,10,5,0.0009,0.77,9
Step: 1, min MAPE: 0.049548198, hyperparameter: [97.71367349989937, 46.46861698557123, 1.842825201373226, 131.29372124296577, 6.122738428145256, 12.690256024046512, 0.0019222621517515856, 0.8518846655251098, 6.9923673192410645]
Data: 3, Round: 0, Step 2
MAPE: 0.0511: 171,41,1,91,9,8,0.01,0.7943,10
MAPE: 0.9525: 21,28,1,482,1,2,0.0135,0.638,3
MAPE: 0.3083: 197,11,4,426,2,18,0.0007,0.1223,8
MAPE: 0.9525: 100,35,2,334,5,15,0.0036,0.7926,4
MAPE: 0.9525: 116,44,1,265,4,7,0.0081,0.8136,10
MAPE: 0.2857: 79,31,5,159,1,6,0.0004,0.4466,7
MAPE: 0.0617: 84,14,3,48,5,6,0.0053,0.6387,6
MAPE: 0.9525: 97,34,1,212,6,10,0.0254,0.876,8
MAPE: 0.0517: 109,40,9,274,3,3,0.0005,0.5802,4
MAPE: 0.0545: 172,29,3,361,6,5,0.0007,0.8894,5
MAPE: 0.0537: 82,49,4,59,6,5,0.0016,0.928,6
MAPE: 4.1307: 88,49,7,73,8,4,0.0065,0.8346,5
MAPE: 0.0514: 32,46,2,131,6,13,0.0022,0.8519,7
MAPE: 0.0596: 224,22,2,96,9,3,0.0037,0.2996,7
MAPE: 1000.0000: 84,29,3,351,7,4,0.007,0.5748,4
MAPE: 0.0603: 96,28,2,31,9,4,0.0089,0.5586,1
MAPE: 0.9525: 28,42,3,272,5,9,0.0025,0.6963,3
MAPE: 1000.0000: 306,27,6,199,6,5,0.0106,0.4799,4
MAPE: 0.9525: 73,35,5,42,6,13,0.0065,0.6801,9
MAPE: 0.9525: 131,43,6,149,10,10,0.0009,0.9986,9
Step: 2, min MAPE: 0.049548198, hyperparameter: [97.71367349989937, 46.46861698557123, 1.842825201373226, 131.29372124296577, 6.122738428145256, 12.690256024046512, 0.0019222621517515856, 0.8518846655251098, 6.9923673192410645]
