Data: 3, Round: 0, Step 0
MAPE: 1000.0000: 337,22,6,235,9,17,0.0808,0.9509,3
MAPE: 0.7993: 491,48,4,160,2,19,0.013,0.9818,5
MAPE: 1000.0000: 76,18,7,446,3,19,0.0321,0.1369,10
MAPE: 2.5285: 137,29,8,22,2,10,0.0788,0.8225,6
MAPE: 0.7993: 370,7,9,28,8,18,0.0742,0.626,1
MAPE: 1000.0000: 263,21,9,485,10,16,0.0623,0.1557,9
MAPE: 0.7993: 436,3,1,365,8,5,0.073,0.2823,6
MAPE: 1000.0000: 169,40,9,399,6,4,0.0097,0.2597,6
MAPE: 1000.0000: 239,29,7,123,5,16,0.0232,0.1366,7
MAPE: 0.7993: 129,22,1,135,9,16,0.044,0.768,8
MAPE: 0.7993: 130,21,2,474,2,8,0.0165,0.9433,8
MAPE: 1000.0000: 323,46,6,388,9,18,0.067,0.0193,2
MAPE: 1000.0000: 149,15,6,161,10,12,0.0861,0.6401,10
MAPE: 0.7993: 310,49,7,362,10,3,0.0008,0.9151,10
MAPE: 1000.0000: 366,45,2,380,4,11,0.0831,0.184,6
MAPE: 1000.0000: 461,40,4,379,3,7,0.0158,0.1708,9
MAPE: 1000.0000: 147,25,5,65,5,17,0.0487,0.67,5
MAPE: 1000.0000: 326,30,8,330,7,4,0.0843,0.3017,1
MAPE: 1000.0000: 217,3,7,496,5,6,0.0743,0.3622,8
MAPE: 1000.0000: 312,37,2,324,3,19,0.0738,0.8729,4
MAPE: 1000.0000: 284,13,5,316,9,2,0.0286,0.8014,6
MAPE: 1000.0000: 322,47,2,255,9,4,0.0145,0.7991,9
MAPE: 1000.0000: 180,49,4,235,6,5,0.0277,0.3952,10
MAPE: 1000.0000: 283,30,7,420,7,10,0.0031,0.3658,6
MAPE: 1000.0000: 217,26,7,475,1,8,0.0702,0.1,6
MAPE: 1000.0000: 333,12,2,294,5,2,0.0891,0.7167,2
MAPE: 1000.0000: 463,44,5,329,8,13,0.0783,0.9414,5
MAPE: 1000.0000: 310,33,4,207,8,10,0.0817,0.716,7
MAPE: 1000.0000: 276,45,2,361,5,5,0.0246,0.5248,5
MAPE: 1000.0000: 396,39,4,172,4,6,0.0549,0.4288,3
MAPE: 0.0481: 229,19,5,77,9,1,0.0086,0.2195,1
MAPE: 0.7993: 334,28,9,96,1,4,0.0267,0.7251,4
MAPE: 1000.0000: 59,27,9,391,7,7,0.0938,0.1823,10
MAPE: 1000.0000: 67,17,8,492,5,14,0.046,0.7688,3
MAPE: 0.7993: 371,2,3,471,2,15,0.0129,0.3958,9
MAPE: 1000.0000: 264,35,2,71,10,4,0.0862,0.9971,4
MAPE: 1000.0000: 78,12,3,417,6,9,0.0086,0.9266,5
MAPE: 0.2122: 263,50,3,8,10,2,0.0016,0.4604,6
MAPE: 0.7993: 205,23,4,160,1,13,0.0278,0.871,9
MAPE: 0.7993: 90,25,4,301,1,18,0.0739,0.5633,2
MAPE: 1000.0000: 337,32,4,74,5,6,0.0403,0.327,9
MAPE: 1000.0000: 220,29,8,403,7,17,0.0819,0.4808,3
MAPE: 1000.0000: 42,27,6,366,7,4,0.0487,0.7386,6
MAPE: 1000.0000: 189,7,6,169,7,14,0.0921,0.4816,2
MAPE: 1000.0000: 490,33,4,392,10,9,0.0865,0.2589,7
MAPE: 1000.0000: 504,44,4,183,4,11,0.0485,0.4944,2
MAPE: 1000.0000: 43,39,7,373,8,7,0.0888,0.8386,2
MAPE: 1000.0000: 410,42,7,376,1,5,0.0829,0.7783,8
MAPE: 1000.0000: 463,45,9,207,5,9,0.0787,0.2753,9
MAPE: 0.0566: 252,30,1,11,1,9,0.0272,0.7096,4
MAPE: 1000.0000: 205,20,7,363,10,20,0.0504,0.2765,1
MAPE: 0.0454: 275,21,6,61,6,13,0.0012,0.2905,9
MAPE: 1000.0000: 423,7,4,255,9,3,0.0617,0.1123,1
MAPE: 0.7993: 444,10,5,312,7,9,0.0042,0.8418,8
MAPE: 1000.0000: 149,24,4,463,6,6,0.0349,0.6404,8
MAPE: 0.7993: 482,36,5,15,4,10,0.038,0.0411,10
MAPE: 1000.0000: 241,10,7,40,5,19,0.0458,0.0098,10
MAPE: 2.5285: 99,45,9,137,9,19,0.0199,0.1605,2
MAPE: 0.7993: 412,9,5,14,3,11,0.0416,0.7126,9
MAPE: 1000.0000: 28,25,8,197,3,16,0.0181,0.177,1
MAPE: 1000.0000: 246,15,5,224,5,15,0.089,0.5716,9
MAPE: 1000.0000: 498,43,9,285,9,5,0.0331,0.6655,8
MAPE: 1000.0000: 469,28,9,452,4,17,0.0157,0.5167,5
MAPE: 0.7993: 386,18,4,342,1,13,0.0441,0.6441,1
MAPE: 1000.0000: 248,46,9,427,5,11,0.0221,0.1663,10
MAPE: 1000.0000: 196,8,3,430,9,4,0.0808,0.45,5
MAPE: 1000.0000: 357,1,9,212,9,7,0.094,0.4932,4
MAPE: 1000.0000: 247,13,4,15,6,2,0.0816,0.684,6
MAPE: 1000.0000: 216,27,10,193,1,3,0.0333,0.8194,7
MAPE: 1000.0000: 300,43,9,11,7,9,0.0735,0.419,4
MAPE: 1000.0000: 382,8,6,421,3,15,0.0221,0.4378,1
MAPE: 0.7993: 464,20,3,454,2,17,0.0107,0.7296,3
MAPE: 1000.0000: 485,26,6,30,6,6,0.098,0.8882,2
MAPE: 1000.0000: 371,41,8,247,3,7,0.0148,0.1686,7
MAPE: 1000.0000: 257,20,3,100,6,11,0.0254,0.8531,4
MAPE: 1000.0000: 225,37,8,79,9,20,0.0499,0.0087,8
MAPE: 1000.0000: 427,16,8,246,8,5,0.0107,0.186,1
MAPE: 0.0434: 142,16,6,437,5,18,0.0011,0.5361,1
MAPE: 1000.0000: 261,21,4,208,9,14,0.012,0.4682,1
MAPE: 1000.0000: 503,30,8,483,7,7,0.0068,0.9829,8
MAPE: 1000.0000: 254,50,5,198,6,7,0.0658,0.547,9
MAPE: 1000.0000: 64,30,4,290,9,4,0.0418,0.0384,1
MAPE: 1000.0000: 275,30,8,306,2,13,0.0438,0.4576,6
MAPE: 0.0422: 260,34,7,189,9,14,0.0003,0.5145,10
MAPE: 1000.0000: 229,17,2,292,3,13,0.0772,0.6617,10
MAPE: 1000.0000: 374,9,4,383,8,14,0.0763,0.2318,8
MAPE: 1000.0000: 367,50,3,496,7,18,0.0834,0.029,8
MAPE: 1000.0000: 98,26,10,416,2,14,0.0713,0.1282,6
MAPE: 1000.0000: 54,6,5,392,3,6,0.0244,0.6334,4
MAPE: 1000.0000: 242,20,7,77,5,16,0.0924,0.3719,2
MAPE: 1000.0000: 162,6,8,191,7,20,0.0824,0.999,9
MAPE: 1000.0000: 124,21,5,80,8,3,0.0378,0.1213,6
MAPE: 1000.0000: 167,47,5,242,7,10,0.0337,0.0274,10
MAPE: 1000.0000: 26,18,4,360,9,6,0.0185,0.3627,9
MAPE: 1000.0000: 477,16,7,73,2,19,0.0527,0.8414,7
MAPE: 0.7993: 365,17,5,170,7,9,0.0069,0.1197,8
MAPE: 1000.0000: 75,36,8,464,2,12,0.0735,0.637,8
MAPE: 1000.0000: 399,29,8,312,2,9,0.0188,0.2025,4
MAPE: 1000.0000: 244,44,7,245,6,14,0.0241,0.7667,9
MAPE: 0.7993: 50,21,1,392,10,9,0.0187,0.6716,2
MAPE: 1000.0000: 90,7,8,495,6,13,0.0602,0.7177,6
MAPE: 1000.0000: 267,6,8,477,8,4,0.0913,0.3969,7
MAPE: 1000.0000: 349,27,5,239,9,8,0.0468,0.9659,5
MAPE: 0.7993: 457,6,3,325,6,11,0.0054,0.617,10
MAPE: 0.7993: 182,49,4,198,2,6,0.0165,0.8038,10
MAPE: 0.7993: 155,50,3,320,2,6,0.0365,0.3123,6
MAPE: 0.7993: 147,43,3,21,3,2,0.0702,0.4922,7
MAPE: 1000.0000: 417,29,9,268,8,7,0.0056,0.8981,2
MAPE: 1000.0000: 236,27,3,364,8,17,0.0301,0.5849,5
MAPE: 1000.0000: 324,33,6,359,6,17,0.0509,0.3952,7
MAPE: 1000.0000: 88,44,3,249,4,4,0.0995,0.2019,3
MAPE: 1000.0000: 200,7,3,304,9,6,0.0676,0.3425,7
MAPE: 1000.0000: 79,26,5,491,8,9,0.0436,0.4488,4
MAPE: 0.7993: 54,39,7,22,6,13,0.017,0.2701,2
MAPE: 1000.0000: 138,49,5,323,3,16,0.0744,0.4907,5
MAPE: 1000.0000: 504,35,9,116,9,11,0.097,0.9586,4
MAPE: 0.7993: 190,17,1,459,1,2,0.0832,0.8872,3
MAPE: 0.0461: 60,15,4,169,4,6,0.0034,0.911,9
MAPE: 1000.0000: 61,37,8,76,3,15,0.0878,0.2325,8
MAPE: 1000.0000: 467,41,4,235,10,19,0.0767,0.1648,1
MAPE: 1000.0000: 368,4,2,189,8,13,0.0431,0.2232,6
MAPE: 1000.0000: 458,42,2,451,5,18,0.0338,0.6043,8
MAPE: 1000.0000: 340,38,10,361,3,3,0.0485,0.961,8
MAPE: 1000.0000: 406,34,7,159,3,10,0.0208,0.2531,3
MAPE: 0.7993: 67,33,1,400,3,4,0.0233,0.4176,7
MAPE: 0.0725: 393,8,3,99,7,5,0.0027,0.6407,1
MAPE: 1000.0000: 372,34,3,299,7,8,0.0131,0.3044,5
MAPE: 1000.0000: 314,28,10,331,5,7,0.0606,0.7149,8
MAPE: 0.0397: 52,38,6,328,3,10,0.0004,0.3532,7
MAPE: 1000.0000: 139,12,7,139,5,14,0.0538,0.4683,8
MAPE: 1000.0000: 39,22,4,233,4,18,0.0278,0.7059,6
MAPE: 1000.0000: 282,35,3,332,2,2,0.0701,0.0401,5
MAPE: 1000.0000: 46,44,5,341,10,4,0.0947,0.0471,8
MAPE: 0.7993: 389,7,9,17,6,10,0.0251,0.8767,5
MAPE: 0.3297: 207,35,3,16,1,17,0.0917,0.4198,9
MAPE: 1000.0000: 424,24,9,81,7,11,0.0415,0.9483,8
MAPE: 1000.0000: 208,46,3,47,8,14,0.0651,0.7647,9
MAPE: 1000.0000: 166,17,9,335,5,15,0.049,0.5345,4
MAPE: 1000.0000: 240,8,4,289,2,12,0.0666,0.2653,5
MAPE: 1000.0000: 117,27,3,481,4,15,0.0508,0.03,8
MAPE: 0.7993: 180,6,4,170,3,12,0.0067,0.0576,3
MAPE: 0.7993: 227,46,1,172,2,10,0.0369,0.1632,3
MAPE: 1000.0000: 346,27,9,258,8,16,0.0354,0.7804,8
MAPE: 1000.0000: 396,28,7,241,10,3,0.0701,0.4626,4
MAPE: 0.1755: 316,17,10,29,2,7,0.013,0.8432,3
MAPE: 1000.0000: 489,22,8,298,2,13,0.0117,0.7544,6
MAPE: 1000.0000: 495,43,10,294,6,7,0.0579,0.5987,7
MAPE: 1000.0000: 227,41,5,49,10,10,0.095,0.4167,1
MAPE: 1000.0000: 336,14,4,279,6,3,0.0274,0.0573,4
MAPE: 1000.0000: 16,7,2,300,8,19,0.0636,0.8625,8
MAPE: 0.7993: 148,14,8,306,1,15,0.0236,0.7005,9
MAPE: 1000.0000: 247,23,5,297,7,14,0.0406,0.6506,9
MAPE: 1000.0000: 27,33,2,91,10,16,0.0356,0.7702,9
MAPE: 0.1524: 196,10,1,349,1,1,0.0386,0.4874,5
MAPE: 0.7993: 489,28,2,312,3,4,0.0073,0.087,6
MAPE: 1000.0000: 249,10,3,327,6,10,0.053,0.6397,5
MAPE: 1000.0000: 53,28,3,44,10,14,0.0783,0.7847,7
MAPE: 2.5285: 499,44,6,28,9,20,0.0332,0.8405,7
MAPE: 1000.0000: 31,35,9,348,6,14,0.003,0.0049,8
MAPE: 0.7869: 197,38,3,7,2,6,0.0755,0.9137,4
MAPE: 1000.0000: 359,43,1,268,9,2,0.0736,0.1083,4
MAPE: 1000.0000: 415,39,2,322,8,4,0.041,0.176,7
MAPE: 1000.0000: 368,8,3,422,7,5,0.0778,0.4412,5
MAPE: 1000.0000: 43,13,3,134,4,20,0.071,0.2697,9
MAPE: 1000.0000: 223,43,6,389,9,17,0.0289,0.5911,8
MAPE: 1000.0000: 50,3,7,405,7,8,0.0414,0.1523,7
MAPE: 1000.0000: 285,7,4,455,9,12,0.0249,0.7884,5
MAPE: 0.7993: 415,35,1,440,1,18,0.0593,0.1431,3
MAPE: 1000.0000: 490,8,4,249,6,17,0.0097,0.0463,8
MAPE: 1000.0000: 234,13,8,138,8,17,0.0571,0.422,6
MAPE: 1000.0000: 229,34,2,464,4,17,0.0788,0.772,10
MAPE: 1000.0000: 388,49,4,247,5,12,0.0167,0.3,9
MAPE: 1000.0000: 308,12,5,446,4,5,0.0223,0.3983,3
MAPE: 1000.0000: 177,23,6,199,8,8,0.025,0.6034,8
MAPE: 1000.0000: 197,28,10,440,5,7,0.0702,0.7989,4
MAPE: 1000.0000: 31,25,8,287,1,18,0.097,0.1934,3
MAPE: 1000.0000: 378,40,9,445,2,8,0.086,0.6504,4
MAPE: 0.7993: 51,25,1,398,4,16,0.0107,0.2905,8
MAPE: 1000.0000: 89,3,5,437,7,5,0.077,0.4742,7
MAPE: 1000.0000: 97,18,6,465,7,8,0.0071,0.0797,3
MAPE: 1000.0000: 444,35,9,139,3,6,0.053,0.9033,7
MAPE: 1000.0000: 339,1,7,153,7,6,0.0273,0.5354,9
MAPE: 1000.0000: 328,31,3,463,4,15,0.0704,0.9405,3
MAPE: 1000.0000: 59,28,6,233,5,14,0.0941,0.549,2
MAPE: 1000.0000: 447,40,8,89,5,13,0.0487,0.7408,8
MAPE: 1000.0000: 54,5,3,377,5,13,0.0616,0.3101,4
MAPE: 1000.0000: 448,38,5,215,2,19,0.0787,0.8404,1
MAPE: 1000.0000: 326,49,9,302,7,7,0.0798,0.0096,5
MAPE: 1000.0000: 75,17,7,60,4,9,0.0758,0.1156,5
MAPE: 1000.0000: 117,16,2,172,9,20,0.0862,0.9914,3
MAPE: 1000.0000: 52,48,5,38,9,16,0.0862,0.2713,8
MAPE: 1000.0000: 462,40,5,66,7,18,0.0629,0.7053,2
MAPE: 1.0789: 503,1,4,284,4,12,0.0046,0.0341,3
MAPE: 1000.0000: 293,33,8,418,3,18,0.0084,0.8283,9
MAPE: 0.7993: 500,37,7,97,5,12,0.0061,0.9704,4
MAPE: 0.7993: 460,31,6,37,2,10,0.0674,0.9548,9
MAPE: 1000.0000: 129,10,7,387,8,6,0.053,0.3182,3
MAPE: 1000.0000: 49,26,3,436,9,5,0.0831,0.0879,1
MAPE: 0.7993: 266,11,4,153,1,9,0.0456,0.8572,8
MAPE: 0.2437: 211,17,2,7,5,14,0.0112,0.2969,3
MAPE: 1000.0000: 108,1,6,291,8,14,0.0785,0.6272,10
MAPE: 1000.0000: 403,37,7,465,8,10,0.0425,0.9569,6
MAPE: 0.9622: 279,1,8,22,3,3,0.0246,0.8026,6
MAPE: 1000.0000: 197,25,10,368,5,7,0.0254,0.1148,4
MAPE: 1000.0000: 88,14,6,168,10,2,0.077,0.9885,2
MAPE: 1000.0000: 202,38,6,163,2,3,0.0481,0.3723,8
MAPE: 0.7993: 286,4,1,73,4,4,0.0774,0.1175,5
MAPE: 1000.0000: 66,26,6,259,7,8,0.0378,0.6558,6
MAPE: 1000.0000: 392,4,6,174,8,3,0.0581,0.8558,4
MAPE: 1000.0000: 247,30,7,312,3,14,0.051,0.6371,5
MAPE: 1000.0000: 205,31,8,373,2,8,0.0213,0.7018,2
MAPE: 1000.0000: 307,44,5,377,7,11,0.0797,0.2323,2
MAPE: 0.1641: 226,35,3,96,2,19,0.0082,0.861,7
MAPE: 1000.0000: 205,4,6,459,9,16,0.0383,0.5183,2
MAPE: 1000.0000: 395,21,7,377,4,5,0.0984,0.7617,9
MAPE: 1000.0000: 415,41,6,327,3,7,0.0266,0.1711,2
MAPE: 1000.0000: 381,10,8,353,8,10,0.0572,0.0609,5
MAPE: 1000.0000: 127,45,5,237,6,2,0.072,0.257,7
MAPE: 0.1445: 206,39,2,32,4,17,0.0019,0.3715,5
MAPE: 1000.0000: 312,39,9,64,4,7,0.0323,0.495,4
MAPE: 1000.0000: 388,28,4,139,6,1,0.0522,0.6021,9
MAPE: 1000.0000: 88,15,2,230,9,2,0.0996,0.6203,7
MAPE: 0.7993: 463,27,4,388,3,13,0.0119,0.934,2
MAPE: 1000.0000: 94,49,6,93,7,1,0.077,0.812,4
MAPE: 1000.0000: 365,38,2,400,10,16,0.0951,0.4217,4
MAPE: 0.7993: 375,6,8,9,2,10,0.0632,0.3884,6
MAPE: 0.7993: 231,27,1,418,3,12,0.0353,0.7784,3
MAPE: 1000.0000: 118,27,7,72,4,12,0.0217,0.149,4
MAPE: 1000.0000: 505,17,9,313,5,19,0.0497,0.9868,3
MAPE: 1000.0000: 361,39,7,437,6,15,0.0044,0.4241,6
MAPE: 0.9030: 313,4,8,4,10,12,0.0157,0.7752,1
MAPE: 1000.0000: 182,38,9,240,4,16,0.0976,0.2325,8
MAPE: 0.0426: 116,40,3,16,7,11,0.0227,0.771,9
MAPE: 1000.0000: 321,22,6,58,9,12,0.0161,0.9917,9
MAPE: 1000.0000: 495,12,3,220,5,13,0.0758,0.7654,9
MAPE: 1000.0000: 246,42,7,416,4,5,0.0142,0.33,7
MAPE: 0.7993: 140,29,3,446,7,10,0.0052,0.7636,10
MAPE: 1000.0000: 335,14,2,132,4,5,0.0856,0.0994,5
MAPE: 1000.0000: 107,15,3,227,6,15,0.0823,0.8107,9
MAPE: 1000.0000: 389,26,6,107,7,19,0.0997,0.9204,9
MAPE: 1000.0000: 303,16,4,480,8,10,0.0452,0.463,9
MAPE: 0.7993: 231,29,9,13,4,12,0.0442,0.7165,9
MAPE: 1000.0000: 110,42,8,394,5,10,0.087,0.2291,7
MAPE: 1000.0000: 46,42,5,493,5,14,0.0408,0.3231,6
MAPE: 0.7993: 88,17,1,115,9,15,0.0388,0.9323,7
MAPE: 1000.0000: 163,30,7,167,6,14,0.0525,0.895,4
MAPE: 1000.0000: 59,41,10,306,7,17,0.0427,0.9177,10
MAPE: 1000.0000: 19,42,2,330,9,6,0.0157,0.1394,7
MAPE: 0.7993: 376,30,2,396,2,18,0.0132,0.5431,4
MAPE: 1000.0000: 107,7,7,495,10,9,0.0198,0.9538,6
MAPE: 1000.0000: 79,29,4,172,5,4,0.0184,0.0368,8
MAPE: 0.7993: 245,38,2,132,1,12,0.0352,0.9928,8
MAPE: 0.7993: 138,10,4,103,2,7,0.0622,0.2128,2
MAPE: 0.7993: 17,3,3,49,2,18,0.0761,0.4349,6
MAPE: 1000.0000: 325,34,10,442,9,11,0.0637,0.1566,3
MAPE: 1000.0000: 502,26,9,444,9,4,0.0077,0.1165,8
MAPE: 0.8129: 403,47,3,2,7,14,0.0862,0.8545,8
MAPE: 1000.0000: 148,38,4,318,2,5,0.0549,0.3692,9
MAPE: 0.7993: 219,20,3,37,2,13,0.0207,0.9479,8
MAPE: 0.7993: 59,31,2,19,7,4,0.0688,0.7241,8
MAPE: 0.7993: 130,33,5,262,1,19,0.0212,0.1349,4
MAPE: 1000.0000: 305,36,9,331,5,4,0.0182,0.3042,4
MAPE: 1000.0000: 75,12,8,200,9,6,0.0652,0.0306,6
MAPE: 1000.0000: 470,12,9,344,2,1,0.017,0.4325,8
MAPE: 0.1519: 111,7,2,161,3,8,0.007,0.8137,4
MAPE: 1000.0000: 267,17,4,214,7,16,0.0447,0.4405,7
MAPE: 1000.0000: 425,31,4,367,7,18,0.0136,0.478,4
MAPE: 1000.0000: 121,1,8,331,4,19,0.0028,0.7761,8
MAPE: 1000.0000: 63,29,8,12,4,10,0.0953,0.1873,2
MAPE: 0.7993: 264,31,1,333,8,14,0.0087,0.4056,8
MAPE: 0.7993: 403,8,1,327,5,4,0.031,0.3411,5
MAPE: 1000.0000: 175,33,7,416,8,18,0.0588,0.4166,9
MAPE: 1000.0000: 511,12,7,459,3,5,0.0899,0.2977,9
MAPE: 1000.0000: 170,31,8,76,2,1,0.0963,0.1075,7
MAPE: 1000.0000: 306,35,6,361,5,10,0.0252,0.0121,3
MAPE: 1000.0000: 418,46,7,278,3,19,0.0878,0.5174,4
MAPE: 1000.0000: 466,23,5,343,6,18,0.068,0.1835,9
MAPE: 1000.0000: 190,4,10,254,2,8,0.0531,0.7116,2
MAPE: 1000.0000: 231,3,7,209,9,16,0.0364,0.9357,2
MAPE: 1000.0000: 84,18,10,445,5,16,0.0735,0.1607,5
MAPE: 1000.0000: 225,45,7,81,3,8,0.0728,0.1561,5
MAPE: 1000.0000: 328,8,3,452,9,13,0.0142,0.0935,3
MAPE: 0.7993: 245,29,5,94,7,19,0.0073,0.099,6
MAPE: 0.7993: 375,33,4,213,1,7,0.0723,0.2155,4
MAPE: 1000.0000: 155,35,2,279,4,7,0.0917,0.0261,3
MAPE: 0.7993: 199,41,2,324,1,17,0.055,0.3791,8
MAPE: 1000.0000: 501,44,6,221,6,10,0.0635,0.9462,5
MAPE: 1000.0000: 510,9,8,471,10,10,0.0094,0.6417,6
MAPE: 0.7993: 107,20,4,3,5,10,0.0913,0.6536,4
MAPE: 1000.0000: 444,27,7,154,3,6,0.0166,0.7082,3
MAPE: 1000.0000: 222,47,10,244,5,9,0.0277,0.2408,8
MAPE: 1000.0000: 50,18,8,467,8,12,0.0377,0.4835,5
MAPE: 1000.0000: 228,34,4,344,3,12,0.0935,0.2623,8
MAPE: 1000.0000: 106,43,9,490,5,4,0.0092,0.1574,10
MAPE: 1000.0000: 87,13,2,180,4,5,0.0692,0.4528,6
MAPE: 1000.0000: 512,17,3,466,3,9,0.0712,0.7923,9
MAPE: 1000.0000: 70,17,8,51,5,4,0.0954,0.4936,3
MAPE: 1000.0000: 167,10,7,225,5,11,0.0094,0.0124,5
MAPE: 1000.0000: 147,24,10,403,9,18,0.0784,0.0397,5
MAPE: 0.7993: 450,18,4,304,5,2,0.004,0.8548,6
MAPE: 1000.0000: 296,47,8,57,2,11,0.0516,0.9727,6
MAPE: 0.9794: 312,16,4,11,2,15,0.098,0.9863,9
MAPE: 1000.0000: 423,42,9,182,3,5,0.0106,0.2247,7
MAPE: 1000.0000: 181,42,6,437,6,17,0.0764,0.7831,7
MAPE: 1000.0000: 369,34,3,385,7,11,0.0687,0.5033,5
MAPE: 1000.0000: 481,21,5,434,9,20,0.0545,0.5987,6
MAPE: 1000.0000: 128,50,8,327,7,6,0.0573,0.2068,7
MAPE: 0.7993: 334,32,7,7,8,7,0.034,0.1612,2
MAPE: 0.7993: 434,18,10,29,8,18,0.0401,0.3425,3
MAPE: 0.7993: 460,23,5,476,1,13,0.0807,0.2047,3
MAPE: 1000.0000: 204,5,7,166,9,18,0.0364,0.0574,2
MAPE: 1000.0000: 458,16,2,368,9,19,0.0447,0.3225,1
MAPE: 0.7993: 116,14,3,416,9,2,0.0057,0.4236,9
MAPE: 1000.0000: 317,5,8,354,10,15,0.0283,0.137,6
MAPE: 0.7993: 358,5,5,82,7,3,0.0118,0.8162,9
MAPE: 0.7993: 21,31,10,12,10,5,0.0146,0.206,4
MAPE: 1000.0000: 466,4,5,54,7,8,0.0382,0.4729,5
MAPE: 1000.0000: 97,9,2,246,9,6,0.0178,0.749,5
MAPE: 1000.0000: 225,48,8,122,10,5,0.0474,0.2435,5
MAPE: 1000.0000: 220,47,3,368,6,11,0.0307,0.5963,5
MAPE: 1000.0000: 118,24,2,293,7,7,0.043,0.0732,5
MAPE: 1000.0000: 110,5,7,335,6,3,0.037,0.2341,2
MAPE: 1000.0000: 417,7,6,235,10,1,0.0548,0.7537,7
MAPE: 1000.0000: 91,19,7,470,4,18,0.0947,0.7969,3
MAPE: 1000.0000: 179,20,7,233,3,10,0.0227,0.3964,6
MAPE: 1000.0000: 266,22,8,477,7,8,0.0887,0.8691,7
MAPE: 1000.0000: 51,19,3,196,5,1,0.0416,0.7446,4
MAPE: 1000.0000: 94,49,6,123,4,5,0.0567,0.7733,5
MAPE: 0.7993: 361,40,5,152,4,8,0.0129,0.4479,7
MAPE: 1000.0000: 482,19,9,382,4,9,0.0682,0.4477,3
MAPE: 1000.0000: 142,16,4,348,7,18,0.0817,0.3339,10
MAPE: 1000.0000: 345,26,2,201,8,20,0.075,0.1084,9
MAPE: 0.7993: 405,14,3,390,1,18,0.027,0.9503,7
MAPE: 1000.0000: 287,37,10,315,4,14,0.0347,0.0722,7
MAPE: 0.3375: 334,33,1,19,3,5,0.055,0.346,6
MAPE: 2.5285: 359,19,9,35,8,16,0.0826,0.0496,1
MAPE: 0.2040: 316,20,4,93,9,5,0.0052,0.4634,8
MAPE: 1000.0000: 198,27,9,431,2,4,0.0919,0.9505,9
MAPE: 1000.0000: 143,45,8,466,4,4,0.0851,0.756,8
MAPE: 1000.0000: 52,49,7,316,8,10,0.0029,0.7138,2
MAPE: 1000.0000: 112,20,2,170,7,8,0.0723,0.5612,6
MAPE: 0.7993: 498,31,4,375,1,2,0.0352,0.2969,8
MAPE: 1000.0000: 349,22,4,198,8,10,0.0389,0.6071,9
MAPE: 1000.0000: 169,14,8,439,8,4,0.0884,0.3954,6
MAPE: 1000.0000: 298,34,8,288,4,4,0.0252,0.0075,5
MAPE: 0.7993: 482,23,8,138,10,17,0.0102,0.4453,1
MAPE: 1000.0000: 354,46,7,481,2,11,0.0812,0.6702,1
MAPE: 1000.0000: 465,41,7,271,8,10,0.062,0.4724,5
MAPE: 1000.0000: 134,30,4,481,7,4,0.0411,0.8611,9
MAPE: 1000.0000: 466,13,8,466,4,2,0.0336,0.3688,8
MAPE: 1000.0000: 38,44,7,383,7,13,0.0314,0.3127,7
MAPE: 1000.0000: 278,20,1,398,6,17,0.0606,0.6624,8
MAPE: 1000.0000: 128,47,9,409,9,16,0.0399,0.2992,6
MAPE: 0.7993: 391,4,2,146,9,14,0.0109,0.6068,10
MAPE: 0.1759: 393,44,5,35,8,4,0.0032,0.5343,8
MAPE: 1000.0000: 28,15,6,438,5,6,0.0198,0.3301,6
MAPE: 1000.0000: 464,3,4,381,5,8,0.0558,0.4784,8
MAPE: 0.7993: 100,39,4,249,5,9,0.0038,0.6188,7
MAPE: 1000.0000: 343,48,5,197,5,13,0.0689,0.962,6
MAPE: 1000.0000: 427,27,3,390,7,6,0.0337,0.5653,1
MAPE: 1000.0000: 392,18,5,280,4,8,0.0196,0.1362,2
MAPE: 1000.0000: 421,41,10,140,3,20,0.0333,0.5003,8
MAPE: 1000.0000: 482,26,5,299,5,14,0.049,0.3126,9
MAPE: 1000.0000: 103,22,5,413,9,17,0.03,0.1009,10
MAPE: 0.7993: 472,42,3,202,1,13,0.0503,0.9387,3
MAPE: 1000.0000: 220,2,8,236,9,13,0.0318,0.6032,10
MAPE: 1000.0000: 274,26,9,203,8,20,0.054,0.1833,3
MAPE: 1000.0000: 411,46,7,360,3,4,0.0331,0.7153,3
MAPE: 1000.0000: 316,36,2,280,7,4,0.0955,0.3492,2
MAPE: 1000.0000: 345,19,6,157,2,13,0.0338,0.1934,9
MAPE: 2.5285: 280,14,8,34,9,2,0.0193,0.4912,7
MAPE: 0.1995: 420,18,7,28,3,8,0.0038,0.1904,10
MAPE: 0.5705: 504,5,2,110,2,5,0.0161,0.7653,4
MAPE: 1000.0000: 401,15,9,411,2,9,0.0844,0.556,9
MAPE: 0.7993: 209,16,1,63,8,12,0.0814,0.3908,2
MAPE: 1000.0000: 180,3,5,252,8,3,0.0888,0.2968,3
MAPE: 1000.0000: 427,8,8,485,8,14,0.0315,0.2997,6
MAPE: 1000.0000: 402,18,10,342,5,14,0.0214,0.3363,5
MAPE: 0.9196: 84,14,5,5,8,12,0.011,0.2814,6
MAPE: 1000.0000: 433,13,7,315,2,3,0.0704,0.1795,5
MAPE: 0.7993: 76,8,5,109,6,4,0.0064,0.8189,2
MAPE: 0.7993: 161,28,2,478,2,5,0.0234,0.7453,8
MAPE: 0.7993: 335,38,4,357,1,6,0.0961,0.5601,4
MAPE: 1000.0000: 128,21,10,378,2,3,0.066,0.0847,2
MAPE: 1000.0000: 480,13,8,129,8,1,0.0155,0.1122,7
MAPE: 0.7993: 481,18,1,285,4,18,0.0757,0.4901,9
MAPE: 1000.0000: 491,35,8,130,2,13,0.0404,0.1328,7
MAPE: 1000.0000: 189,42,7,303,4,4,0.0588,0.352,3
MAPE: 1000.0000: 90,1,5,306,9,16,0.0148,0.6515,9
MAPE: 0.7993: 126,39,6,137,7,3,0.0061,0.1439,4
MAPE: 1000.0000: 87,3,7,224,4,13,0.0304,0.7645,8
MAPE: 1000.0000: 433,38,7,340,7,12,0.0425,0.5173,9
MAPE: 1000.0000: 161,41,3,225,4,13,0.0345,0.1742,7
MAPE: 1000.0000: 162,8,5,151,3,8,0.0521,0.5127,6
MAPE: 0.7993: 167,23,10,63,10,13,0.0886,0.6446,6
MAPE: 1000.0000: 200,44,7,408,6,17,0.0634,0.8365,6
MAPE: 1000.0000: 246,5,3,282,9,8,0.0733,0.168,8
MAPE: 1000.0000: 264,43,4,366,6,2,0.0467,0.445,10
MAPE: 0.7993: 187,27,5,84,1,5,0.0671,0.4561,4
MAPE: 1000.0000: 310,27,4,182,6,14,0.0601,0.8656,8
MAPE: 1000.0000: 44,6,5,123,5,4,0.0131,0.8742,4
MAPE: 1000.0000: 337,49,4,325,5,1,0.0132,0.2973,5
MAPE: 1000.0000: 28,12,4,350,5,4,0.0178,0.9579,5
MAPE: 1000.0000: 267,36,5,132,5,9,0.0934,0.7628,9
MAPE: 1000.0000: 403,28,7,211,8,18,0.0055,0.2934,3
MAPE: 1000.0000: 78,45,2,225,4,19,0.0476,0.4397,9
MAPE: 1000.0000: 477,30,6,297,5,7,0.0974,0.2637,9
MAPE: 1000.0000: 425,42,4,339,5,2,0.0802,0.9565,6
MAPE: 1000.0000: 373,12,9,405,10,4,0.0148,0.4507,4
MAPE: 1000.0000: 155,48,7,206,9,7,0.0681,0.7645,4
MAPE: 1000.0000: 235,49,3,463,6,20,0.0304,0.6852,10
MAPE: 1000.0000: 360,16,8,492,5,8,0.0544,0.6181,6
MAPE: 0.7993: 52,35,2,135,2,14,0.036,0.48,3
MAPE: 1000.0000: 390,41,9,275,3,1,0.0745,0.6645,7
MAPE: 0.4523: 280,3,2,257,5,8,0.0061,0.4201,5
MAPE: 1000.0000: 234,13,5,314,9,17,0.0489,0.4366,6
MAPE: 1000.0000: 222,9,5,497,2,19,0.0309,0.5489,2
MAPE: 1000.0000: 38,48,9,352,7,20,0.0086,0.0609,3
MAPE: 1000.0000: 324,16,4,243,5,10,0.0667,0.2754,2
MAPE: 1000.0000: 455,44,10,480,3,13,0.0143,0.0962,8
MAPE: 1000.0000: 64,40,4,399,8,8,0.0288,0.3531,2
MAPE: 0.7993: 134,8,1,30,9,11,0.0881,0.9988,7
MAPE: 0.0404: 151,41,3,64,4,15,0.0093,0.191,9
MAPE: 0.7993: 325,16,2,336,4,4,0.0133,0.3331,10
MAPE: 0.7993: 212,32,7,47,6,4,0.0108,0.5628,6
MAPE: 1000.0000: 89,5,7,344,1,16,0.0578,0.8734,7
MAPE: 0.7993: 160,6,2,463,2,19,0.0493,0.8286,1
MAPE: 1000.0000: 400,9,4,459,8,19,0.0596,0.568,3
MAPE: 1000.0000: 99,42,2,452,8,3,0.039,0.1897,5
MAPE: 1000.0000: 106,22,4,167,9,13,0.0203,0.651,5
MAPE: 1000.0000: 242,48,2,333,7,16,0.032,0.2266,6
MAPE: 1000.0000: 315,31,5,256,6,14,0.0697,0.007,2
MAPE: 1000.0000: 211,22,9,489,1,11,0.061,0.7278,6
MAPE: 1000.0000: 61,12,9,139,5,18,0.0077,0.6697,2
MAPE: 0.7993: 153,8,5,399,2,16,0.0093,0.9697,4
MAPE: 0.7993: 80,12,1,172,6,4,0.0877,0.0716,7
MAPE: 1000.0000: 20,33,5,357,2,15,0.0373,0.2884,10
MAPE: 1000.0000: 203,2,9,347,6,13,0.0987,0.5124,9
MAPE: 2.5285: 115,19,7,19,8,6,0.0696,0.4122,9
MAPE: 1000.0000: 421,36,3,301,7,18,0.0928,0.0065,3
MAPE: 1000.0000: 121,38,10,111,5,2,0.0369,0.7903,8
MAPE: 0.7993: 418,40,2,210,1,2,0.0901,0.8684,6
MAPE: 1000.0000: 232,43,4,212,4,14,0.0214,0.9095,5
MAPE: 0.7993: 15,6,10,148,4,2,0.0067,0.7842,5
MAPE: 1000.0000: 468,49,3,292,7,17,0.0417,0.0642,1
MAPE: 0.1384: 209,9,2,14,9,6,0.0244,0.9843,7
MAPE: 1000.0000: 114,20,10,184,9,10,0.0541,0.2909,3
MAPE: 0.7993: 472,6,3,332,4,20,0.0156,0.1364,3
MAPE: 1000.0000: 253,18,9,229,3,19,0.024,0.7613,2
MAPE: 1000.0000: 233,22,4,191,10,2,0.037,0.9564,8
MAPE: 1000.0000: 64,24,2,333,9,15,0.0712,0.6666,9
MAPE: 1000.0000: 404,16,3,285,10,18,0.0367,0.9379,5
MAPE: 1000.0000: 250,11,9,284,5,11,0.0179,0.0644,7
MAPE: 1000.0000: 270,36,3,438,8,17,0.0946,0.9036,5
MAPE: 1000.0000: 460,40,4,454,2,16,0.0574,0.8058,9
MAPE: 1000.0000: 321,8,5,234,3,2,0.0375,0.0035,3
MAPE: 1000.0000: 194,10,7,318,5,5,0.0264,0.629,9
MAPE: 1000.0000: 67,4,1,340,10,19,0.0425,0.9118,2
MAPE: 1000.0000: 141,29,7,50,3,15,0.047,0.4046,8
MAPE: 1000.0000: 159,14,5,161,10,9,0.0867,0.4278,5
MAPE: 0.7993: 387,31,1,298,6,16,0.0685,0.0124,8
MAPE: 1000.0000: 492,3,9,170,10,15,0.052,0.2334,4
MAPE: 0.2260: 224,12,1,8,8,13,0.0286,0.4514,1
MAPE: 0.1933: 447,18,3,278,6,13,0.0003,0.0288,3
MAPE: 1000.0000: 102,13,6,343,8,14,0.0971,0.9136,9
MAPE: 1000.0000: 495,4,2,311,3,15,0.0974,0.8669,2
MAPE: 1000.0000: 186,6,4,345,8,5,0.0273,0.5499,4
MAPE: 1000.0000: 30,15,9,319,9,17,0.0838,0.679,9
MAPE: 1000.0000: 417,21,9,342,8,7,0.0164,0.2266,7
MAPE: 0.3075: 394,21,1,29,1,18,0.063,0.5109,3
MAPE: 1000.0000: 304,37,5,141,2,6,0.0839,0.0184,8
MAPE: 1000.0000: 183,6,7,346,3,16,0.0643,0.1206,3
MAPE: 1000.0000: 15,4,8,446,3,6,0.0933,0.8087,2
MAPE: 1000.0000: 151,27,8,270,7,12,0.0557,0.5904,9
MAPE: 1000.0000: 72,16,6,178,2,5,0.0864,0.9877,5
MAPE: 1000.0000: 381,26,9,93,4,13,0.042,0.0161,5
MAPE: 1000.0000: 400,8,4,261,4,9,0.0834,0.4205,3
MAPE: 1000.0000: 308,13,2,339,7,12,0.078,0.7329,1
MAPE: 1000.0000: 65,2,3,125,9,2,0.0354,0.198,4
MAPE: 0.7993: 244,33,4,276,2,9,0.0345,0.7472,3
MAPE: 1000.0000: 187,38,7,311,1,12,0.0663,0.6944,10
MAPE: 0.7993: 209,10,4,355,3,15,0.0077,0.2572,3
MAPE: 0.7993: 349,40,6,390,1,17,0.031,0.5267,1
MAPE: 0.7993: 502,40,4,206,1,19,0.0658,0.7411,3
MAPE: 1000.0000: 50,11,9,17,2,14,0.0994,0.7802,10
MAPE: 1000.0000: 232,24,3,125,4,8,0.0797,0.7031,2
MAPE: 1000.0000: 302,21,4,227,5,14,0.0761,0.0559,9
MAPE: 1000.0000: 220,10,8,83,5,3,0.0837,0.411,2
MAPE: 0.7993: 149,4,5,468,2,4,0.0108,0.7688,1
MAPE: 2.5285: 158,7,3,48,4,8,0.055,0.3513,9
MAPE: 1000.0000: 447,45,3,150,5,14,0.0387,0.5814,5
MAPE: 1000.0000: 30,2,9,124,6,17,0.0326,0.3174,8
MAPE: 0.7993: 240,49,6,179,3,10,0.0029,0.5391,8
MAPE: 2.5285: 305,43,8,15,8,16,0.0307,0.3967,5
MAPE: 0.7993: 394,27,6,256,2,1,0.0152,0.1787,3
MAPE: 1000.0000: 230,36,2,440,9,5,0.032,0.998,2
MAPE: 1000.0000: 218,49,2,188,9,2,0.0939,0.8211,9
MAPE: 1000.0000: 271,4,4,357,5,9,0.021,0.5964,10
MAPE: 0.7993: 482,23,5,482,1,19,0.0642,0.3988,2
MAPE: 1000.0000: 89,26,8,196,3,8,0.0432,0.1139,4
MAPE: 1000.0000: 242,45,7,318,6,2,0.0381,0.49,6
MAPE: 0.7993: 365,40,6,40,2,9,0.0599,0.6191,5
MAPE: 1000.0000: 66,13,1,185,9,12,0.0639,0.2459,8
MAPE: 1000.0000: 438,17,6,393,10,16,0.0137,0.9323,6
MAPE: 1000.0000: 230,11,2,112,7,7,0.0478,0.3722,5
MAPE: 0.7993: 489,44,5,20,9,2,0.0489,0.9457,7
MAPE: 1000.0000: 201,9,3,487,3,19,0.0864,0.281,2
MAPE: 0.1388: 155,37,5,57,1,6,0.0075,0.3956,7
MAPE: 1000.0000: 358,27,5,135,9,16,0.042,0.9533,5
MAPE: 0.7993: 237,8,5,302,10,2,0.0031,0.2823,2
MAPE: 1000.0000: 288,43,9,300,5,18,0.0816,0.0132,9
MAPE: 1000.0000: 276,3,4,318,6,12,0.0776,0.9972,9
MAPE: 1000.0000: 78,40,5,10,9,3,0.07,0.5345,6
MAPE: 1000.0000: 176,44,9,463,3,15,0.0303,0.5591,7
MAPE: 1000.0000: 169,9,7,454,1,11,0.0342,0.0241,9
MAPE: 1000.0000: 88,40,7,141,7,14,0.0631,0.6886,3
MAPE: 1000.0000: 331,6,9,299,6,4,0.0811,0.7372,8
MAPE: 1000.0000: 246,47,6,268,10,7,0.0365,0.7243,2
MAPE: 1000.0000: 376,49,7,419,10,14,0.0667,0.0436,9
MAPE: 1000.0000: 390,10,3,240,3,3,0.0578,0.0104,4
MAPE: 0.7993: 415,24,10,65,1,10,0.0292,0.5129,5
MAPE: 1000.0000: 372,39,4,17,10,14,0.0966,0.5614,3
MAPE: 0.0414: 173,36,4,262,1,17,0.0036,0.9584,5
MAPE: 1000.0000: 263,17,4,105,4,8,0.0806,0.0074,1
MAPE: 1000.0000: 392,27,10,258,3,8,0.0974,0.4944,7
MAPE: 1000.0000: 31,49,9,135,7,4,0.0875,0.5372,3
MAPE: 1000.0000: 179,3,5,240,7,9,0.0133,0.0483,8
MAPE: 1000.0000: 305,16,10,434,6,1,0.0652,0.4993,7
MAPE: 1000.0000: 395,15,6,468,3,18,0.0393,0.4831,5
MAPE: 1000.0000: 475,27,6,317,9,17,0.0989,0.6374,10
MAPE: 1000.0000: 397,50,4,422,8,17,0.0799,0.1562,8
MAPE: 0.7993: 454,10,3,376,4,10,0.0113,0.4528,7
MAPE: 1000.0000: 197,15,3,190,10,2,0.0722,0.1486,1
MAPE: 1000.0000: 454,11,7,271,6,7,0.0963,0.6308,6
MAPE: 1000.0000: 475,32,9,230,9,3,0.0046,0.2227,5
MAPE: 1000.0000: 456,5,4,443,9,5,0.0219,0.8481,4
MAPE: 0.1409: 281,6,2,22,4,9,0.0359,0.2846,8
MAPE: 0.7993: 281,1,2,311,8,7,0.0131,0.0774,2
MAPE: 1000.0000: 213,31,7,354,9,7,0.0942,0.3882,7
MAPE: 1000.0000: 366,17,3,234,7,12,0.0703,0.4337,4
MAPE: 1000.0000: 127,10,4,51,8,4,0.0924,0.6319,10
MAPE: 1000.0000: 328,40,7,188,7,18,0.0357,0.7313,7
MAPE: 0.7993: 453,5,2,408,2,13,0.0354,0.1677,2
MAPE: 1000.0000: 301,43,10,164,2,5,0.0816,0.9394,8
MAPE: 1000.0000: 372,2,10,254,9,5,0.0523,0.8792,5
MAPE: 1000.0000: 71,47,5,27,6,6,0.0775,0.6704,2
MAPE: 1000.0000: 218,42,5,67,5,20,0.0854,0.2444,4
MAPE: 1000.0000: 62,41,4,275,5,3,0.067,0.8025,9
MAPE: 1000.0000: 340,45,5,369,6,13,0.0799,0.7448,1
MAPE: 1000.0000: 291,31,9,282,4,17,0.0453,0.4808,5
MAPE: 1000.0000: 272,42,5,174,5,14,0.025,0.9829,3
MAPE: 1000.0000: 191,39,6,264,10,11,0.0759,0.4403,9
MAPE: 0.7993: 71,40,2,248,3,10,0.0105,0.664,4
MAPE: 1000.0000: 408,42,7,251,6,18,0.0136,0.9114,2
MAPE: 1000.0000: 140,49,7,455,5,3,0.0088,0.9065,6
MAPE: 0.7993: 175,30,1,351,3,5,0.0334,0.0519,9
MAPE: 0.7993: 298,24,7,67,1,20,0.0423,0.3571,5
MAPE: 0.2242: 493,47,1,225,3,12,0.0074,0.1744,6
MAPE: 1000.0000: 238,3,9,162,9,8,0.0479,0.7771,10
MAPE: 0.0733: 65,42,5,23,4,9,0.0002,0.7092,2
MAPE: 1000.0000: 253,22,4,288,8,7,0.0827,0.5685,5
MAPE: 1000.0000: 74,43,4,323,3,3,0.0537,0.66,4
MAPE: 1000.0000: 171,11,10,361,3,19,0.0404,0.32,7
MAPE: 1000.0000: 212,29,9,270,1,2,0.0591,0.206,5
MAPE: 1000.0000: 69,25,7,432,2,19,0.0307,0.9328,9
MAPE: 0.8812: 258,8,10,3,8,4,0.0691,0.4739,1
MAPE: 1000.0000: 290,5,4,206,3,12,0.0989,0.8039,7
MAPE: 1000.0000: 289,2,6,363,3,11,0.0567,0.7082,9
MAPE: 0.7993: 32,48,4,144,1,13,0.0635,0.7265,4
MAPE: 0.7993: 213,24,4,53,5,3,0.0338,0.2666,3
MAPE: 1000.0000: 369,47,5,223,4,19,0.0107,0.7786,5
MAPE: 0.7993: 454,42,7,203,10,13,0.0008,0.5975,4
MAPE: 1000.0000: 35,34,3,119,8,12,0.076,0.5319,7
MAPE: 0.7993: 323,41,3,112,2,16,0.0643,0.0185,2
MAPE: 1000.0000: 452,49,9,361,9,19,0.08,0.4813,7
MAPE: 1000.0000: 448,42,1,301,8,14,0.0755,0.3843,9
MAPE: 1000.0000: 331,29,6,170,3,8,0.046,0.6054,8
MAPE: 1000.0000: 98,31,7,24,2,2,0.0865,0.8954,3
MAPE: 1000.0000: 462,47,8,128,6,14,0.0694,0.5439,6
MAPE: 1000.0000: 396,44,7,122,5,9,0.0502,0.861,9
MAPE: 0.7993: 179,11,5,240,1,14,0.0156,0.4359,3
MAPE: 1000.0000: 372,15,6,101,3,10,0.0509,0.6671,9
MAPE: 1000.0000: 365,47,4,440,4,2,0.0131,0.3238,8
MAPE: 0.7993: 244,14,5,166,1,15,0.088,0.7372,2
MAPE: 1000.0000: 430,19,7,329,8,9,0.053,0.2908,3
MAPE: 1000.0000: 291,43,2,330,6,10,0.0684,0.6906,6
MAPE: 1000.0000: 255,47,8,124,6,6,0.0255,0.6735,3
MAPE: 2.5285: 287,2,7,44,1,7,0.0477,0.5598,5
MAPE: 1000.0000: 133,2,6,224,3,14,0.0287,0.7178,8
MAPE: 1000.0000: 86,41,6,338,2,18,0.0155,0.8405,1
MAPE: 1000.0000: 500,19,10,228,3,10,0.0928,0.3906,5
MAPE: 1000.0000: 450,10,8,280,2,6,0.0907,0.6969,9
MAPE: 1000.0000: 203,31,9,130,9,5,0.0864,0.2868,6
MAPE: 1000.0000: 310,5,8,174,7,10,0.0185,0.7337,7
MAPE: 1000.0000: 344,40,3,148,6,4,0.0865,0.0725,2
MAPE: 1000.0000: 265,39,5,193,5,13,0.073,0.2921,7
MAPE: 1000.0000: 311,21,6,95,3,8,0.0531,0.4399,9
MAPE: 1000.0000: 39,42,7,486,4,16,0.0145,0.3377,8
MAPE: 1000.0000: 498,10,2,149,8,3,0.0742,0.7064,8
MAPE: 1000.0000: 88,41,2,135,8,17,0.0421,0.0246,7
MAPE: 1000.0000: 46,34,9,185,7,16,0.0775,0.8503,5
MAPE: 1000.0000: 304,31,4,436,5,4,0.0548,0.1964,5
MAPE: 1000.0000: 108,8,7,56,2,18,0.0561,0.6373,3
MAPE: 1000.0000: 476,41,5,282,4,4,0.0285,0.5373,6
MAPE: 0.7993: 184,45,3,327,1,8,0.074,0.8419,7
MAPE: 1000.0000: 461,22,8,324,2,3,0.0333,0.096,7
MAPE: 1000.0000: 369,37,2,419,6,2,0.0325,0.0584,7
MAPE: 1000.0000: 458,39,8,333,7,2,0.0199,0.8974,8
MAPE: 1000.0000: 298,15,3,329,6,16,0.098,0.4053,2
MAPE: 1000.0000: 224,7,9,102,3,9,0.0901,0.3353,2
MAPE: 0.1510: 326,36,1,469,5,17,0.0003,0.2269,1
MAPE: 1000.0000: 489,14,9,358,2,4,0.0972,0.4876,2
MAPE: 1000.0000: 460,41,6,453,4,7,0.0245,0.0413,8
MAPE: 0.7993: 339,8,6,248,3,16,0.0071,0.6755,5
MAPE: 0.7993: 150,3,7,100,4,19,0.008,0.3713,3
MAPE: 1000.0000: 384,34,3,174,5,6,0.0345,0.2439,5
MAPE: 1000.0000: 176,39,5,84,7,4,0.0635,0.9374,7
MAPE: 1000.0000: 395,40,2,118,6,17,0.0798,0.9408,3
MAPE: 1000.0000: 187,40,5,36,7,4,0.0955,0.5393,5
MAPE: 1000.0000: 73,33,6,214,3,11,0.0586,0.0911,3
MAPE: 1000.0000: 248,44,8,26,4,20,0.0632,0.9512,7
MAPE: 1000.0000: 104,14,9,486,7,1,0.0309,0.1771,4
MAPE: 1000.0000: 324,25,4,109,8,16,0.0815,0.9889,3
MAPE: 1000.0000: 492,26,4,314,7,20,0.0556,0.063,8
MAPE: 1000.0000: 259,24,3,460,7,17,0.0078,0.7756,5
MAPE: 0.7993: 243,13,9,14,3,19,0.0576,0.6367,5
MAPE: 1000.0000: 337,11,7,27,6,15,0.0731,0.6278,2
MAPE: 1000.0000: 66,46,9,384,6,5,0.0229,0.1073,4
MAPE: 1000.0000: 355,45,6,34,4,3,0.0793,0.7507,5
MAPE: 1000.0000: 277,9,5,175,6,17,0.0686,0.8228,8
MAPE: 1000.0000: 88,4,9,108,2,12,0.091,0.0696,2
MAPE: 1000.0000: 299,38,5,92,7,12,0.0188,0.429,2
MAPE: 1000.0000: 285,17,6,338,7,15,0.0627,0.6467,4
MAPE: 1000.0000: 285,16,6,104,4,10,0.0874,0.9318,5
MAPE: 1000.0000: 255,40,3,417,8,5,0.0431,0.9767,5
MAPE: 1000.0000: 54,10,4,352,4,9,0.0847,0.5591,2
MAPE: 1000.0000: 305,49,4,153,8,2,0.0618,0.173,4
MAPE: 0.7993: 206,29,2,391,2,9,0.0724,0.1703,1
MAPE: 1000.0000: 286,41,6,488,2,7,0.0401,0.409,10
MAPE: 1000.0000: 278,21,9,412,6,5,0.0503,0.6456,9
MAPE: 1000.0000: 163,8,9,147,4,6,0.0572,0.5201,10
MAPE: 1000.0000: 156,37,3,380,7,18,0.0713,0.7649,8
MAPE: 0.7993: 352,15,3,236,1,17,0.0688,0.1026,9
MAPE: 1000.0000: 386,43,4,183,10,12,0.036,0.956,4
MAPE: 0.7993: 49,15,8,73,9,18,0.016,0.0585,4
MAPE: 0.7993: 265,13,2,393,2,8,0.0618,0.4192,8
MAPE: 1000.0000: 409,20,10,298,9,6,0.0794,0.462,2
MAPE: 1000.0000: 46,40,7,476,8,20,0.0175,0.7885,8
MAPE: 0.7993: 14,44,2,367,2,19,0.0488,0.3715,1
MAPE: 1000.0000: 268,25,4,390,6,17,0.0116,0.8399,7
MAPE: 1000.0000: 168,47,6,229,8,3,0.0454,0.4541,5
MAPE: 1000.0000: 23,26,5,222,5,19,0.0806,0.0965,3
MAPE: 1000.0000: 148,34,4,186,5,8,0.0848,0.0699,7
MAPE: 1000.0000: 328,23,3,455,3,15,0.0523,0.4835,4
MAPE: 1000.0000: 177,36,3,235,7,20,0.0936,0.8518,8
MAPE: 1000.0000: 355,20,4,220,9,12,0.0169,0.0622,5
MAPE: 1000.0000: 176,20,6,260,8,14,0.0381,0.0439,10
MAPE: 0.7993: 104,20,2,47,1,14,0.0526,0.9578,10
MAPE: 1000.0000: 193,28,9,189,8,6,0.0833,0.9348,2
MAPE: 1000.0000: 142,47,4,184,4,3,0.0558,0.9816,4
MAPE: 1000.0000: 455,23,7,234,2,10,0.0396,0.7729,4
MAPE: 0.7993: 296,9,4,259,3,19,0.0098,0.5121,4
MAPE: 1000.0000: 135,22,4,385,8,13,0.0845,0.211,1
MAPE: 1000.0000: 135,36,3,418,2,6,0.071,0.2183,5
MAPE: 0.7993: 229,25,3,340,1,5,0.0588,0.2661,7
MAPE: 1000.0000: 333,41,4,348,6,5,0.0986,0.7166,6
MAPE: 1000.0000: 186,18,9,107,2,17,0.08,0.7993,5
MAPE: 1000.0000: 370,32,9,147,5,6,0.0184,0.4994,1
MAPE: 1000.0000: 319,24,4,277,7,14,0.0154,0.2902,5
MAPE: 1000.0000: 424,4,4,401,5,6,0.0442,0.4375,7
MAPE: 1000.0000: 77,7,4,490,8,3,0.0985,0.5373,4
MAPE: 1000.0000: 51,13,6,355,6,13,0.0923,0.7732,9
MAPE: 1000.0000: 270,24,9,375,7,19,0.0458,0.9675,3
MAPE: 1000.0000: 20,8,4,345,4,19,0.0561,0.1307,8
MAPE: 1000.0000: 292,46,5,202,10,15,0.0565,0.5087,1
MAPE: 1000.0000: 435,45,5,474,4,2,0.0465,0.48,5
MAPE: 1000.0000: 294,18,2,178,8,16,0.0409,0.4559,1
MAPE: 1000.0000: 75,19,5,433,4,16,0.0134,0.6997,10
MAPE: 1000.0000: 317,32,3,382,5,3,0.0508,0.5847,3
MAPE: 1000.0000: 228,39,9,402,5,18,0.0959,0.6712,3
MAPE: 1000.0000: 365,46,6,144,4,4,0.075,0.4848,5
MAPE: 0.7993: 210,26,2,55,4,12,0.0829,0.5832,3
MAPE: 1000.0000: 161,8,4,190,2,7,0.0922,0.53,2
MAPE: 1000.0000: 278,40,4,225,5,8,0.077,0.205,10
MAPE: 1000.0000: 378,32,7,291,7,10,0.01,0.6251,2
MAPE: 1000.0000: 133,30,5,279,4,12,0.0438,0.8639,9
MAPE: 0.7993: 307,41,5,104,1,12,0.0203,0.0347,9
MAPE: 1000.0000: 338,10,7,492,2,4,0.0527,0.6567,7
MAPE: 0.7993: 406,38,3,407,4,4,0.0126,0.5349,5
MAPE: 1000.0000: 364,50,4,333,5,15,0.0711,0.747,5
MAPE: 0.7993: 109,30,5,11,4,7,0.0215,0.5114,9
MAPE: 0.7993: 82,21,7,243,1,7,0.0184,0.0023,9
MAPE: 0.7993: 498,30,4,115,2,8,0.0592,0.2885,1
MAPE: 1000.0000: 63,7,2,218,7,12,0.0228,0.3369,1
MAPE: 2.5285: 467,32,10,43,9,10,0.0878,0.9391,6
MAPE: 1000.0000: 465,33,8,111,6,9,0.0765,0.7741,4
MAPE: 1000.0000: 242,15,7,158,3,5,0.0631,0.6296,6
MAPE: 0.7993: 166,41,8,72,9,2,0.0025,0.6892,10
MAPE: 1000.0000: 335,43,6,170,4,5,0.0848,0.917,2
MAPE: 0.7993: 402,19,2,488,1,7,0.0877,0.9977,6
MAPE: 1000.0000: 386,17,7,495,9,13,0.0538,0.6991,9
MAPE: 2.5285: 324,27,7,54,4,14,0.0127,0.873,7
MAPE: 0.7993: 268,1,8,85,1,12,0.0642,0.0254,3
MAPE: 1000.0000: 57,4,7,122,7,15,0.0727,0.0398,5
MAPE: 0.7993: 257,50,4,17,4,12,0.0412,0.7193,8
MAPE: 1000.0000: 105,45,5,358,7,2,0.0942,0.8317,2
MAPE: 1000.0000: 496,38,8,388,5,11,0.0239,0.9886,8
MAPE: 1000.0000: 174,33,9,459,7,18,0.0237,0.0195,10
MAPE: 1000.0000: 381,45,9,131,2,19,0.0198,0.9324,6
MAPE: 1000.0000: 36,41,6,241,2,3,0.0544,0.2894,3
MAPE: 0.7993: 352,31,2,35,2,14,0.0813,0.1795,5
MAPE: 1000.0000: 291,26,2,456,4,14,0.0253,0.3723,3
MAPE: 1000.0000: 200,23,6,173,5,3,0.0546,0.862,2
MAPE: 1000.0000: 389,2,7,284,10,7,0.0564,0.8385,5
MAPE: 1000.0000: 170,31,7,62,7,7,0.0481,0.7367,7
MAPE: 1000.0000: 230,37,7,256,5,4,0.0491,0.4544,8
MAPE: 1000.0000: 54,20,9,367,9,12,0.0391,0.2976,9
MAPE: 0.7993: 170,40,7,71,2,15,0.0314,0.9144,2
MAPE: 1000.0000: 362,39,7,386,2,20,0.0201,0.158,2
MAPE: 1000.0000: 342,27,7,310,8,6,0.0479,0.2257,4
MAPE: 1000.0000: 80,14,2,407,9,7,0.0953,0.7394,9
MAPE: 1000.0000: 412,31,9,187,6,9,0.0601,0.3286,3
MAPE: 1000.0000: 314,7,7,152,8,10,0.0915,0.8134,4
MAPE: 0.7993: 481,7,2,317,2,11,0.0328,0.6632,2
MAPE: 1000.0000: 339,28,9,341,6,2,0.0135,0.0825,9
MAPE: 1000.0000: 22,4,6,337,7,13,0.0308,0.1585,7
MAPE: 1000.0000: 254,18,8,129,2,13,0.019,0.5176,3
MAPE: 1000.0000: 477,28,3,363,3,14,0.0548,0.6336,3
MAPE: 0.7993: 477,6,5,339,1,3,0.0711,0.1583,3
MAPE: 1000.0000: 508,32,8,414,6,9,0.063,0.8039,10
MAPE: 1000.0000: 402,15,8,39,3,9,0.095,0.1342,6
MAPE: 1000.0000: 190,41,9,378,10,4,0.0264,0.1479,6
MAPE: 1000.0000: 340,37,8,480,6,3,0.0096,0.2987,2
MAPE: 0.7993: 221,16,2,93,5,18,0.011,0.5116,9
MAPE: 1000.0000: 41,15,9,150,2,5,0.0998,0.5158,3
MAPE: 1000.0000: 238,46,8,467,9,5,0.0814,0.5386,7
MAPE: 1000.0000: 159,27,4,228,8,19,0.0163,0.8934,2
MAPE: 1000.0000: 473,44,4,444,7,6,0.0683,0.3708,3
MAPE: 1000.0000: 214,22,4,403,5,14,0.0678,0.6462,6
MAPE: 1000.0000: 167,40,10,338,10,4,0.0404,0.5822,8
MAPE: 1000.0000: 379,32,10,494,5,7,0.0714,0.5878,4
MAPE: 1000.0000: 79,22,7,219,3,9,0.0328,0.9207,1
MAPE: 0.7993: 279,37,4,284,1,16,0.0639,0.8218,3
MAPE: 0.7993: 109,13,5,39,2,10,0.0561,0.9038,2
MAPE: 1000.0000: 131,43,4,458,10,4,0.019,0.0857,5
MAPE: 1000.0000: 276,21,6,228,3,13,0.0433,0.1248,3
MAPE: 1000.0000: 468,7,9,473,2,8,0.0775,0.2919,6
MAPE: 1000.0000: 32,21,8,332,6,6,0.0874,0.0099,7
MAPE: 1000.0000: 339,21,8,336,1,19,0.0994,0.5367,5
MAPE: 1000.0000: 357,28,6,401,9,19,0.0249,0.793,7
MAPE: 1000.0000: 370,5,6,172,2,4,0.0708,0.4564,6
MAPE: 1000.0000: 36,44,5,444,4,8,0.0733,0.4942,7
MAPE: 0.1725: 357,35,7,28,2,5,0.0077,0.2177,9
MAPE: 1000.0000: 333,34,8,322,8,3,0.0118,0.7393,7
MAPE: 1000.0000: 438,37,3,298,5,10,0.0206,0.3473,2
MAPE: 1000.0000: 133,1,2,184,6,8,0.0506,0.7452,7
MAPE: 0.7993: 108,37,1,205,2,3,0.0552,0.5841,7
MAPE: 1000.0000: 509,35,4,59,7,9,0.0807,0.652,8
MAPE: 1000.0000: 464,29,9,242,4,4,0.0942,0.5941,3
MAPE: 1000.0000: 208,28,2,403,8,15,0.0362,0.0215,2
MAPE: 1000.0000: 41,19,8,253,1,19,0.0644,0.2721,5
MAPE: 1000.0000: 33,42,7,316,9,18,0.0557,0.9924,2
MAPE: 1000.0000: 198,15,8,312,5,11,0.0884,0.362,4
MAPE: 1000.0000: 58,27,4,252,9,10,0.0781,0.3679,8
MAPE: 1000.0000: 177,31,5,221,4,2,0.0352,0.4091,6
MAPE: 1000.0000: 475,22,3,32,10,6,0.0806,0.0402,6
MAPE: 0.7993: 494,26,3,59,3,10,0.0494,0.8003,4
MAPE: 0.7993: 166,44,8,94,4,6,0.0062,0.5337,10
MAPE: 1000.0000: 413,42,3,471,7,7,0.0497,0.7928,6
MAPE: 1000.0000: 145,5,5,432,4,12,0.0137,0.0967,1
MAPE: 1000.0000: 336,30,10,295,8,6,0.0957,0.8104,9
MAPE: 1000.0000: 89,39,3,240,8,9,0.0267,0.5046,8
MAPE: 0.1851: 444,33,2,51,10,18,0.0065,0.2951,9
MAPE: 1000.0000: 11,13,9,210,8,16,0.0865,0.7735,8
MAPE: 1000.0000: 282,29,9,255,5,17,0.0607,0.893,7
MAPE: 0.7993: 159,18,4,64,1,4,0.0688,0.3884,4
MAPE: 1000.0000: 109,34,4,266,8,15,0.084,0.5172,2
MAPE: 1000.0000: 484,34,5,120,5,13,0.081,0.0506,10
MAPE: 1000.0000: 38,46,1,442,7,6,0.0636,0.8552,5
MAPE: 0.7993: 455,50,3,149,2,12,0.0337,0.7802,9
MAPE: 1000.0000: 126,50,8,95,5,11,0.0408,0.6738,6
MAPE: 1000.0000: 421,19,3,397,9,8,0.0702,0.4125,7
MAPE: 0.7993: 204,4,6,347,1,16,0.063,0.4962,2
MAPE: 1000.0000: 198,41,2,478,5,9,0.0858,0.9048,9
MAPE: 1000.0000: 120,25,9,162,4,9,0.0456,0.7114,2
MAPE: 1000.0000: 207,45,6,400,6,18,0.0608,0.8218,3
MAPE: 0.1931: 128,27,4,6,4,7,0.0014,0.4792,2
MAPE: 0.7993: 407,49,2,415,2,9,0.019,0.8849,8
MAPE: 1000.0000: 182,1,9,377,3,2,0.05,0.1769,9
MAPE: 1000.0000: 193,40,10,367,8,20,0.0425,0.1813,2
MAPE: 1000.0000: 313,7,8,138,5,18,0.0085,0.9427,1
MAPE: 0.7993: 331,37,5,398,3,15,0.0087,0.9551,2
MAPE: 0.7993: 395,21,8,17,6,10,0.0283,0.2469,9
MAPE: 1000.0000: 305,43,6,402,9,4,0.0853,0.5881,2
MAPE: 0.1684: 414,8,7,27,1,17,0.0164,0.3834,7
MAPE: 1000.0000: 122,40,8,258,5,19,0.0603,0.2122,3
MAPE: 1000.0000: 23,28,2,407,8,15,0.0372,0.8937,1
MAPE: 1000.0000: 219,36,5,263,10,7,0.0542,0.4283,8
MAPE: 0.7993: 80,6,9,164,4,10,0.0056,0.4441,8
MAPE: 1000.0000: 280,39,9,459,8,18,0.05,0.314,7
MAPE: 1000.0000: 151,23,8,269,3,2,0.0867,0.9712,9
MAPE: 1000.0000: 376,43,6,221,4,10,0.0188,0.355,4
MAPE: 1000.0000: 72,19,5,479,5,17,0.0322,0.3115,5
MAPE: 1000.0000: 181,44,4,273,8,10,0.0482,0.8228,4
MAPE: 1000.0000: 506,3,10,376,3,16,0.0993,0.3819,3
MAPE: 1000.0000: 219,28,9,215,10,13,0.0152,0.8956,4
MAPE: 1000.0000: 176,28,5,431,3,18,0.029,0.6301,5
MAPE: 0.0428: 239,33,7,56,5,17,0.004,0.1268,6
MAPE: 1000.0000: 394,9,10,487,8,12,0.0771,0.4962,6
MAPE: 1000.0000: 61,9,10,155,2,12,0.0652,0.3184,9
MAPE: 1000.0000: 398,10,2,369,8,6,0.0933,0.9893,2
MAPE: 1000.0000: 60,28,5,387,2,4,0.0225,0.4128,1
MAPE: 0.7993: 305,3,5,334,1,10,0.0574,0.761,10
MAPE: 1000.0000: 278,19,10,349,6,3,0.0145,0.3081,4
MAPE: 1000.0000: 352,17,4,236,7,12,0.0777,0.483,6
MAPE: 1000.0000: 326,3,9,494,6,3,0.0337,0.7937,6
MAPE: 0.7993: 314,11,2,467,2,7,0.0791,0.1137,4
MAPE: 1000.0000: 210,32,8,221,3,20,0.018,0.499,5
MAPE: 1000.0000: 325,19,8,425,6,2,0.0162,0.4529,6
MAPE: 1000.0000: 260,25,9,474,2,18,0.0089,0.8594,5
MAPE: 1000.0000: 387,24,5,498,7,18,0.0382,0.8801,6
MAPE: 0.7993: 168,38,6,41,7,18,0.0216,0.6757,4
MAPE: 1000.0000: 447,39,8,471,2,10,0.0567,0.5152,5
MAPE: 1000.0000: 211,15,3,376,4,16,0.063,0.4116,8
MAPE: 1000.0000: 169,34,4,400,4,9,0.0504,0.219,6
MAPE: 0.7993: 389,9,4,319,3,3,0.0096,0.4208,8
MAPE: 1000.0000: 277,2,6,398,4,13,0.0623,0.8763,4
MAPE: 1000.0000: 79,15,3,258,5,9,0.0637,0.3608,4
MAPE: 0.7993: 117,2,2,364,3,20,0.0855,0.2282,3
MAPE: 1000.0000: 112,12,7,198,3,14,0.0682,0.9958,5
MAPE: 1000.0000: 17,14,9,153,4,3,0.093,0.5818,7
MAPE: 1000.0000: 97,10,4,381,8,1,0.043,0.6403,8
MAPE: 0.2471: 439,41,5,255,7,14,0.0013,0.2021,6
MAPE: 1000.0000: 300,23,3,363,6,15,0.0544,0.5261,5
MAPE: 1000.0000: 245,9,7,294,7,2,0.0198,0.9361,5
MAPE: 1000.0000: 111,1,6,489,5,4,0.0318,0.7905,5
MAPE: 1000.0000: 475,38,9,238,7,8,0.0472,0.2741,8
MAPE: 1000.0000: 158,17,8,479,6,14,0.034,0.2951,7
MAPE: 1000.0000: 399,6,4,454,3,19,0.0349,0.5223,9
MAPE: 1000.0000: 388,7,6,473,10,7,0.0626,0.7424,6
MAPE: 0.0461: 30,17,2,38,3,19,0.009,0.4517,7
MAPE: 1000.0000: 207,21,2,170,5,11,0.0415,0.3908,4
MAPE: 0.7993: 502,13,7,8,4,13,0.0591,0.6136,9
MAPE: 0.0489: 60,14,9,40,1,15,0.0164,0.082,4
MAPE: 1000.0000: 182,9,4,403,5,1,0.0708,0.435,4
MAPE: 1000.0000: 339,46,9,350,1,3,0.035,0.4054,4
MAPE: 0.7993: 367,25,5,86,4,12,0.0162,0.2674,4
MAPE: 0.7993: 499,3,2,234,8,12,0.0089,0.2311,6
MAPE: 0.7993: 184,22,1,124,9,3,0.0572,0.6037,7
MAPE: 1000.0000: 21,39,2,336,9,13,0.0896,0.2032,4
MAPE: 0.7993: 235,44,1,299,6,19,0.0361,0.4007,1
MAPE: 0.7993: 160,17,5,150,1,8,0.0669,0.2276,7
MAPE: 1000.0000: 93,12,4,404,8,3,0.0793,0.9628,1
MAPE: 1000.0000: 17,21,7,361,4,3,0.0618,0.0177,8
MAPE: 1000.0000: 247,41,4,187,4,6,0.0965,0.714,4
MAPE: 0.7993: 460,47,1,180,3,2,0.0462,0.2595,3
MAPE: 0.7993: 209,6,4,316,1,2,0.0964,0.904,3
MAPE: 1000.0000: 124,6,5,319,10,11,0.0235,0.3422,5
MAPE: 0.7993: 92,47,2,105,2,2,0.0313,0.6728,3
MAPE: 1000.0000: 452,26,7,168,10,12,0.0357,0.1904,8
MAPE: 1000.0000: 212,41,5,467,5,18,0.0368,0.8856,8
MAPE: 1000.0000: 129,12,8,315,6,3,0.0823,0.286,10
MAPE: 1000.0000: 155,46,5,406,8,17,0.0544,0.8,7
MAPE: 1000.0000: 100,17,3,122,9,11,0.0682,0.7685,2
MAPE: 1000.0000: 234,4,6,337,7,7,0.0765,0.8924,9
MAPE: 1000.0000: 137,42,9,421,8,6,0.0752,0.9352,2
MAPE: 1000.0000: 217,46,3,338,7,15,0.0422,0.9591,8
MAPE: 0.7993: 304,13,3,98,5,6,0.0279,0.6404,2
MAPE: 1000.0000: 102,8,10,361,7,6,0.0561,0.2515,9
MAPE: 1000.0000: 293,25,7,268,6,6,0.0268,0.262,6
MAPE: 1000.0000: 460,22,7,350,9,4,0.0181,0.1009,9
MAPE: 1000.0000: 245,25,4,301,6,16,0.0578,0.7483,3
MAPE: 1000.0000: 484,47,7,208,4,14,0.0963,0.89,6
MAPE: 1000.0000: 383,41,8,431,8,11,0.0628,0.4076,8
MAPE: 0.7993: 78,33,2,157,3,20,0.0543,0.0792,2
MAPE: 0.7993: 17,47,2,469,2,7,0.0066,0.2697,9
MAPE: 1000.0000: 319,3,5,380,5,13,0.0101,0.5894,6
MAPE: 1000.0000: 81,23,7,153,2,18,0.0303,0.9224,5
MAPE: 1000.0000: 430,35,4,487,7,2,0.0702,0.5023,5
MAPE: 0.7993: 412,35,7,84,1,9,0.0326,0.8149,8
MAPE: 0.7993: 163,18,8,132,1,20,0.0135,0.1529,5
MAPE: 1000.0000: 511,21,8,407,5,2,0.0566,0.5263,2
MAPE: 1000.0000: 193,42,6,139,6,6,0.0243,0.3344,2
MAPE: 1000.0000: 197,47,9,291,3,9,0.0262,0.683,8
MAPE: 1000.0000: 498,8,2,434,4,11,0.0642,0.6674,6
MAPE: 1000.0000: 72,5,7,472,5,1,0.0715,0.903,1
MAPE: 0.7993: 81,50,1,28,4,7,0.0601,0.6066,5
MAPE: 0.2830: 262,27,4,20,3,7,0.0298,0.0335,3
MAPE: 1000.0000: 98,30,10,428,5,19,0.0945,0.2254,1
MAPE: 1000.0000: 134,47,6,439,3,20,0.0852,0.6475,9
MAPE: 0.9045: 30,32,6,3,2,2,0.0506,0.9953,6
MAPE: 1000.0000: 477,48,7,312,7,18,0.0489,0.1254,4
MAPE: 1000.0000: 265,45,8,404,2,10,0.0534,0.7663,7
MAPE: 1000.0000: 67,47,3,499,8,2,0.03,0.8558,2
MAPE: 1000.0000: 415,45,9,152,3,8,0.05,0.7288,2
MAPE: 1000.0000: 366,45,3,449,6,14,0.0254,0.22,4
MAPE: 1000.0000: 302,3,7,36,8,13,0.0773,0.9651,3
MAPE: 0.7993: 504,29,3,214,5,9,0.0115,0.8491,4
MAPE: 0.7993: 380,40,1,320,4,4,0.0225,0.7057,5
MAPE: 1000.0000: 319,9,3,464,7,19,0.0679,0.5137,3
MAPE: 1000.0000: 48,35,9,367,7,2,0.0866,0.0854,6
MAPE: 2.5285: 51,17,7,95,9,15,0.0013,0.4731,8
MAPE: 1000.0000: 396,5,6,75,7,10,0.0568,0.4918,8
MAPE: 1000.0000: 470,45,3,177,8,7,0.0414,0.0542,8
MAPE: 1000.0000: 295,21,6,226,3,13,0.0157,0.1068,9
MAPE: 0.2506: 364,13,8,6,7,7,0.0068,0.7542,8
MAPE: 0.7993: 420,18,4,23,5,15,0.0167,0.3608,10
MAPE: 1000.0000: 114,46,1,450,8,5,0.0646,0.1907,10
MAPE: 2.5285: 144,13,9,45,2,12,0.0291,0.1251,5
MAPE: 1000.0000: 59,32,7,490,5,18,0.0208,0.4188,3
MAPE: 1000.0000: 269,29,9,389,4,11,0.0505,0.2559,7
MAPE: 1000.0000: 156,27,8,151,4,17,0.0304,0.6168,4
MAPE: 1000.0000: 303,15,8,104,9,19,0.0346,0.2988,3
MAPE: 1000.0000: 28,23,9,249,8,16,0.0515,0.1732,9
MAPE: 1000.0000: 370,24,6,188,8,15,0.0402,0.422,8
MAPE: 1000.0000: 437,33,7,129,8,9,0.0172,0.6179,10
MAPE: 1000.0000: 201,42,7,138,8,15,0.0089,0.8146,3
MAPE: 1000.0000: 470,25,7,103,2,9,0.0474,0.3006,8
MAPE: 1000.0000: 133,26,6,94,9,6,0.079,0.0179,8
MAPE: 0.7993: 128,14,2,63,4,6,0.0559,0.8148,6
MAPE: 1000.0000: 34,12,3,180,6,1,0.0243,0.1794,10
MAPE: 1000.0000: 265,43,8,446,6,5,0.0445,0.0995,6
MAPE: 0.7993: 212,4,10,92,1,20,0.0272,0.4248,3
MAPE: 1000.0000: 55,16,3,490,5,16,0.0441,0.6662,4
MAPE: 1000.0000: 261,43,6,383,8,15,0.0457,0.3636,3
MAPE: 0.7993: 164,19,1,32,4,2,0.0793,0.8375,3
MAPE: 1000.0000: 125,11,9,410,3,15,0.0746,0.2838,9
MAPE: 2.5285: 39,27,9,29,9,6,0.047,0.568,6
MAPE: 1000.0000: 443,28,8,419,10,7,0.0212,0.3734,8
MAPE: 1000.0000: 267,15,1,479,9,8,0.0401,0.0638,3
MAPE: 0.7993: 292,2,2,206,3,8,0.0826,0.2854,7
MAPE: 1000.0000: 487,45,3,310,7,8,0.0338,0.5051,9
MAPE: 1000.0000: 97,47,4,214,6,11,0.0376,0.9184,7
MAPE: 1000.0000: 60,11,7,307,8,3,0.0809,0.5482,6
MAPE: 1000.0000: 417,35,10,151,2,14,0.0615,0.4714,7
MAPE: 1000.0000: 305,43,7,306,2,14,0.0148,0.4993,6
MAPE: 1000.0000: 134,22,7,17,9,13,0.0534,0.731,8
MAPE: 1000.0000: 155,44,4,362,8,10,0.0972,0.6268,2
MAPE: 1000.0000: 419,21,2,478,4,7,0.0861,0.5839,3
MAPE: 0.7993: 386,21,9,208,4,1,0.0021,0.8228,9
MAPE: 1000.0000: 25,39,8,283,8,4,0.0288,0.708,2
MAPE: 1000.0000: 471,23,8,395,8,8,0.0063,0.1884,7
MAPE: 0.7993: 442,23,5,462,1,3,0.0911,0.1297,10
MAPE: 0.0412: 34,46,5,474,2,7,0.0004,0.6316,2
MAPE: 1000.0000: 20,31,1,376,8,10,0.0381,0.7534,10
MAPE: 1000.0000: 479,47,2,441,8,13,0.0796,0.7541,3
MAPE: 1000.0000: 281,33,5,100,2,10,0.0985,0.9877,6
MAPE: 0.7993: 380,4,4,474,2,17,0.0079,0.0684,3
MAPE: 1000.0000: 169,33,5,172,7,3,0.0107,0.8636,6
MAPE: 1000.0000: 72,3,7,152,9,11,0.0149,0.9324,4
MAPE: 1000.0000: 241,2,10,311,4,1,0.0084,0.644,8
MAPE: 1000.0000: 109,8,5,364,9,13,0.0133,0.6398,5
MAPE: 1000.0000: 47,25,3,481,3,11,0.073,0.7189,5
MAPE: 0.7993: 499,37,8,48,2,12,0.0574,0.806,4
MAPE: 1000.0000: 290,31,10,479,5,15,0.077,0.651,5
MAPE: 1000.0000: 496,1,7,266,2,4,0.052,0.0865,4
MAPE: 0.7993: 179,21,4,52,4,2,0.0225,0.7042,9
MAPE: 1000.0000: 292,18,8,261,6,6,0.0488,0.7591,3
MAPE: 1000.0000: 38,34,2,280,6,11,0.0632,0.3404,7
MAPE: 1000.0000: 264,49,9,148,8,3,0.0324,0.8618,2
MAPE: 1000.0000: 339,12,4,476,6,5,0.0082,0.1293,10
MAPE: 1000.0000: 443,50,9,359,5,5,0.0695,0.6833,9
MAPE: 0.7993: 185,1,2,480,4,18,0.0131,0.3176,7
MAPE: 1000.0000: 403,47,6,308,7,11,0.0914,0.4766,5
MAPE: 1000.0000: 496,9,7,190,3,19,0.0375,0.9748,7
MAPE: 1000.0000: 437,49,3,261,9,16,0.0368,0.7336,6
MAPE: 1000.0000: 267,15,5,285,10,13,0.0762,0.7819,5
MAPE: 0.8879: 366,7,6,10,2,8,0.0783,0.2525,7
MAPE: 0.7993: 390,46,2,83,1,2,0.0977,0.9303,3
MAPE: 1000.0000: 352,12,6,328,5,11,0.0641,0.2725,7
MAPE: 1000.0000: 120,2,9,383,5,7,0.0175,0.7339,6
MAPE: 1000.0000: 438,28,4,449,8,15,0.023,0.3893,4
MAPE: 1000.0000: 76,9,4,104,3,17,0.0469,0.5506,9
MAPE: 1000.0000: 219,30,9,245,3,2,0.0068,0.8491,4
MAPE: 0.7993: 285,32,1,455,5,8,0.0052,0.9896,6
MAPE: 1000.0000: 300,39,7,255,1,19,0.0881,0.0112,7
MAPE: 0.7993: 356,4,4,12,6,18,0.0801,0.8977,7
MAPE: 0.7993: 445,30,1,312,6,12,0.0387,0.5627,2
MAPE: 2.5285: 136,49,6,82,9,16,0.0383,0.6201,10
MAPE: 1000.0000: 314,40,8,493,10,16,0.0576,0.5197,7
MAPE: 1000.0000: 510,17,7,110,8,6,0.0436,0.3367,9
MAPE: 0.7993: 178,12,4,133,1,18,0.0276,0.743,5
MAPE: 1000.0000: 76,27,4,234,9,12,0.0459,0.7173,9
MAPE: 0.7993: 120,26,5,12,6,13,0.0291,0.6916,4
MAPE: 1000.0000: 217,10,3,493,9,17,0.0712,0.6472,8
MAPE: 1000.0000: 166,29,4,181,5,4,0.0141,0.4599,5
MAPE: 1000.0000: 68,26,5,93,8,18,0.0856,0.8574,5
MAPE: 1000.0000: 363,29,5,412,6,15,0.045,0.7372,9
MAPE: 1000.0000: 409,36,4,399,2,9,0.0666,0.0716,5
MAPE: 0.1785: 196,22,7,10,8,14,0.0013,0.6702,8
MAPE: 1000.0000: 115,20,3,330,5,8,0.0729,0.9294,1
MAPE: 1000.0000: 71,48,3,320,9,2,0.0415,0.15,6
MAPE: 1000.0000: 463,16,8,348,4,17,0.0344,0.3276,3
MAPE: 1000.0000: 326,2,5,271,8,11,0.0555,0.1391,2
MAPE: 1000.0000: 495,18,9,384,10,9,0.0074,0.2373,10
MAPE: 1000.0000: 442,35,9,492,3,9,0.0981,0.9872,5
MAPE: 1000.0000: 487,40,7,451,7,5,0.0424,0.1112,9
MAPE: 1000.0000: 409,37,4,64,5,4,0.041,0.2742,6
MAPE: 1000.0000: 498,49,9,313,8,13,0.0717,0.49,9
MAPE: 1000.0000: 85,5,9,226,9,13,0.0628,0.2135,3
MAPE: 1000.0000: 134,41,5,498,1,6,0.0946,0.8387,1
MAPE: 0.7993: 311,26,2,427,6,14,0.0069,0.4912,8
MAPE: 1000.0000: 263,17,9,328,3,8,0.0547,0.2578,9
MAPE: 0.1644: 212,38,5,64,3,10,0.0017,0.4251,8
MAPE: 1000.0000: 387,39,5,202,6,11,0.0819,0.1356,7
MAPE: 1000.0000: 407,49,6,307,9,19,0.0765,0.8893,8
MAPE: 1000.0000: 305,3,4,439,6,15,0.0378,0.2479,7
MAPE: 1000.0000: 214,2,7,125,7,12,0.0443,0.6324,4
MAPE: 0.7993: 130,3,6,238,1,2,0.0645,0.6549,5
MAPE: 1000.0000: 415,8,7,460,9,14,0.0529,0.3423,2
MAPE: 1000.0000: 501,30,6,480,7,16,0.045,0.176,7
MAPE: 1000.0000: 417,27,4,471,9,12,0.0248,0.3045,8
MAPE: 0.7993: 399,44,5,357,1,4,0.043,0.4082,8
MAPE: 1000.0000: 50,30,9,286,5,16,0.0516,0.8822,5
MAPE: 1000.0000: 512,29,4,481,5,3,0.0089,0.1921,5
MAPE: 1000.0000: 357,32,9,82,2,12,0.0772,0.0006,8
MAPE: 0.7993: 397,13,1,401,2,15,0.0722,0.977,4
MAPE: 0.7993: 377,40,3,64,1,13,0.094,0.686,2
MAPE: 1000.0000: 339,1,5,395,10,16,0.0486,0.0369,4
MAPE: 1000.0000: 452,46,8,231,9,11,0.0964,0.8206,10
MAPE: 1000.0000: 40,14,7,241,4,16,0.0253,0.5388,1
MAPE: 1000.0000: 375,14,7,165,7,8,0.0383,0.9762,6
MAPE: 0.7993: 294,25,2,343,2,14,0.0306,0.8653,1
MAPE: 1000.0000: 153,23,8,315,6,13,0.0687,0.288,4
MAPE: 1000.0000: 22,13,7,254,4,13,0.0706,0.3584,3
MAPE: 1000.0000: 158,18,4,320,8,18,0.0954,0.2526,8
MAPE: 1000.0000: 285,7,7,324,4,19,0.0467,0.9357,5
MAPE: 0.7993: 408,44,3,14,10,10,0.05,0.5577,7
MAPE: 0.1788: 357,9,4,70,9,2,0.0037,0.1393,10
MAPE: 0.7993: 73,16,7,341,1,2,0.0216,0.2,3
MAPE: 1000.0000: 438,48,4,167,3,17,0.0365,0.094,4
MAPE: 1000.0000: 58,22,9,244,8,20,0.066,0.3744,5
MAPE: 1000.0000: 222,5,5,35,4,12,0.0572,0.5243,7
MAPE: 1000.0000: 199,5,4,108,8,14,0.0346,0.7377,4
MAPE: 0.7993: 192,19,3,383,1,16,0.0373,0.8184,2
MAPE: 1000.0000: 464,39,7,461,4,17,0.0789,0.8682,9
MAPE: 1000.0000: 85,10,7,403,9,19,0.0527,0.3304,4
MAPE: 0.7993: 499,35,8,28,4,18,0.026,0.5972,1
MAPE: 1000.0000: 128,29,5,486,7,18,0.0484,0.8688,4
MAPE: 0.7993: 471,44,6,405,8,17,0.0018,0.0216,6
MAPE: 1000.0000: 307,6,6,206,10,15,0.0752,0.1968,8
MAPE: 0.7993: 163,7,4,250,1,19,0.0673,0.0672,9
MAPE: 1000.0000: 81,44,4,451,3,2,0.023,0.8774,1
MAPE: 1000.0000: 315,44,4,185,4,9,0.0384,0.1974,4
MAPE: 1000.0000: 128,45,7,310,2,16,0.0992,0.3581,1
MAPE: 0.7993: 163,20,1,324,2,6,0.0172,0.4847,1
MAPE: 1000.0000: 54,20,9,125,5,4,0.0258,0.6523,4
MAPE: 1000.0000: 385,6,4,33,9,18,0.0989,0.2816,2
MAPE: 1000.0000: 217,39,9,399,8,15,0.0106,0.0584,9
MAPE: 1000.0000: 104,47,4,450,3,16,0.0816,0.106,8
MAPE: 1000.0000: 284,5,5,240,10,8,0.0246,0.7321,2
MAPE: 1000.0000: 300,31,6,308,9,19,0.0814,0.5646,10
MAPE: 1000.0000: 375,32,7,339,9,15,0.0077,0.0715,5
MAPE: 1000.0000: 405,27,3,54,4,13,0.0747,0.3737,4
MAPE: 1000.0000: 180,45,6,386,8,3,0.0163,0.5438,6
MAPE: 1000.0000: 319,25,4,225,6,7,0.0282,0.212,2
MAPE: 1000.0000: 123,41,8,196,7,12,0.0621,0.3642,9
MAPE: 1000.0000: 152,21,4,495,4,9,0.088,0.9295,8
MAPE: 1000.0000: 79,34,8,101,10,11,0.0816,0.1908,6
MAPE: 1000.0000: 397,9,3,63,9,18,0.0514,0.6498,2
MAPE: 1000.0000: 195,12,8,43,9,18,0.0367,0.7214,2
MAPE: 1000.0000: 153,29,4,201,8,5,0.0756,0.7096,7
MAPE: 1000.0000: 142,36,1,171,9,2,0.0627,0.8061,8
MAPE: 1000.0000: 96,34,3,235,7,12,0.0454,0.9075,1
MAPE: 1000.0000: 211,16,7,267,5,8,0.0052,0.6592,8
MAPE: 1000.0000: 305,24,10,496,4,15,0.007,0.6126,5
MAPE: 1000.0000: 393,43,8,493,9,11,0.085,0.1977,3
MAPE: 0.2607: 455,37,6,6,3,3,0.0316,0.0174,6
MAPE: 1000.0000: 404,24,8,464,9,5,0.0218,0.3192,1
MAPE: 1000.0000: 43,21,4,348,4,12,0.0184,0.0399,7
MAPE: 0.7993: 137,8,4,257,1,7,0.0199,0.8276,5
MAPE: 1000.0000: 388,47,3,355,5,17,0.0522,0.6811,5
MAPE: 1000.0000: 431,44,4,111,5,7,0.0884,0.327,5
MAPE: 1000.0000: 414,10,8,325,4,9,0.0815,0.1422,7
MAPE: 0.7993: 200,14,3,147,5,18,0.0169,0.3817,2
MAPE: 0.7993: 87,23,8,105,3,6,0.0157,0.0755,2
MAPE: 0.7993: 349,27,5,30,7,10,0.0148,0.0645,6
MAPE: 1000.0000: 46,10,10,455,3,9,0.0241,0.7835,8
MAPE: 1000.0000: 314,38,9,459,2,4,0.0197,0.8611,4
MAPE: 1000.0000: 406,46,4,397,7,19,0.0103,0.366,7
MAPE: 1000.0000: 259,25,6,259,7,4,0.0664,0.6631,7
MAPE: 1000.0000: 85,21,5,313,4,15,0.0731,0.1453,6
MAPE: 0.7993: 266,33,7,79,8,18,0.0416,0.482,9
MAPE: 1000.0000: 227,4,7,378,10,19,0.0567,0.963,2
MAPE: 1000.0000: 342,4,4,87,10,15,0.0794,0.18,10
MAPE: 1000.0000: 440,43,8,278,7,3,0.0151,0.1128,7
MAPE: 1000.0000: 463,24,4,157,8,7,0.0731,0.4647,9
MAPE: 1000.0000: 161,49,2,467,5,19,0.084,0.6858,7
MAPE: 0.7993: 31,21,1,66,1,15,0.0601,0.3977,6
MAPE: 1000.0000: 174,30,4,193,7,2,0.0136,0.3165,2
MAPE: 1000.0000: 31,13,3,51,9,14,0.0621,0.471,2
MAPE: 0.7993: 247,40,10,207,8,18,0.0181,0.4539,7
MAPE: 1000.0000: 366,27,7,263,7,2,0.0162,0.6503,6
MAPE: 0.7993: 272,22,8,455,1,8,0.0049,0.0572,6
MAPE: 0.0430: 155,20,5,133,3,19,0.0041,0.4115,2
MAPE: 1000.0000: 287,25,6,148,4,5,0.0429,0.3065,8
MAPE: 0.7993: 89,26,5,286,1,11,0.0684,0.7816,2
MAPE: 0.2251: 484,49,4,19,3,11,0.03,0.1983,8
MAPE: 0.7993: 138,21,1,182,2,18,0.0763,0.1395,3
MAPE: 1000.0000: 132,22,6,439,3,8,0.041,0.1614,5
MAPE: 1000.0000: 421,35,2,107,5,12,0.0967,0.2428,5
MAPE: 1000.0000: 79,31,9,482,3,18,0.0897,0.158,6
MAPE: 1000.0000: 202,50,6,106,5,4,0.0865,0.8652,8
MAPE: 1000.0000: 84,21,7,429,9,4,0.0721,0.7497,4
MAPE: 1000.0000: 440,46,9,469,7,10,0.0139,0.5826,1
MAPE: 1000.0000: 167,7,9,94,9,13,0.0451,0.6257,7
MAPE: 1000.0000: 453,32,10,312,6,11,0.0799,0.9815,3
MAPE: 1000.0000: 91,3,3,321,6,13,0.0304,0.0071,10
MAPE: 0.7993: 504,22,8,120,8,18,0.0732,0.4774,5
MAPE: 1000.0000: 242,48,7,116,3,12,0.086,0.5008,9
MAPE: 1000.0000: 267,42,7,88,3,18,0.0472,0.3507,6
MAPE: 0.7993: 213,27,2,427,2,2,0.0511,0.2935,4
MAPE: 1000.0000: 135,12,5,30,10,11,0.082,0.7286,9
MAPE: 1000.0000: 508,25,7,476,2,4,0.0768,0.3239,9
MAPE: 0.7993: 366,10,7,308,3,19,0.0065,0.9524,3
MAPE: 1000.0000: 235,32,8,95,7,3,0.0355,0.6053,6
MAPE: 1000.0000: 230,15,10,277,2,11,0.02,0.3702,2
MAPE: 1000.0000: 340,14,8,12,6,7,0.0744,0.4078,5
MAPE: 0.7993: 487,47,2,12,6,8,0.0645,0.8757,3
MAPE: 1000.0000: 486,44,7,236,9,12,0.0158,0.9785,5
MAPE: 1000.0000: 384,40,5,111,5,5,0.0689,0.4671,5
MAPE: 1000.0000: 96,20,1,404,9,2,0.0451,0.7129,9
MAPE: 1000.0000: 325,14,7,199,1,20,0.0896,0.1012,3
MAPE: 0.7993: 442,1,2,272,5,8,0.0625,0.5547,8
MAPE: 0.8296: 375,42,9,6,6,15,0.079,0.9884,1
MAPE: 1.0917: 433,3,4,25,7,17,0.0261,0.1381,9
MAPE: 0.7993: 244,35,1,290,6,15,0.0442,0.0166,3
MAPE: 1000.0000: 240,17,3,413,5,13,0.009,0.9746,2
MAPE: 0.7993: 310,25,4,19,7,17,0.0109,0.9726,6
MAPE: 0.7993: 208,20,3,35,5,18,0.0341,0.7813,4
MAPE: 1000.0000: 109,9,4,140,9,8,0.0426,0.1379,2
MAPE: 1000.0000: 439,33,3,357,8,20,0.0449,0.76,7
MAPE: 1000.0000: 131,16,8,417,8,6,0.0657,0.9106,6
MAPE: 1000.0000: 465,32,6,243,8,4,0.0491,0.2736,3
MAPE: 1000.0000: 138,15,2,157,5,6,0.0411,0.1254,4
MAPE: 0.7993: 378,11,5,155,7,16,0.0017,0.8337,7
MAPE: 1000.0000: 158,15,7,139,4,2,0.0801,0.1681,3
MAPE: 1000.0000: 464,4,4,273,6,19,0.027,0.537,3
MAPE: 1000.0000: 423,47,5,369,5,13,0.0646,0.3354,1
MAPE: 0.7993: 22,49,2,10,8,15,0.0559,0.9517,5
MAPE: 1000.0000: 176,25,9,214,2,1,0.0532,0.9171,2
MAPE: 0.7993: 60,13,9,40,2,6,0.051,0.3855,5
MAPE: 1000.0000: 238,50,8,298,4,19,0.0223,0.0885,1
MAPE: 1000.0000: 502,11,3,496,5,12,0.0721,0.9769,9
MAPE: 1000.0000: 125,15,5,235,6,14,0.0343,0.058,4
MAPE: 1000.0000: 510,12,2,369,9,20,0.0338,0.5429,4
MAPE: 0.7993: 478,7,4,189,9,18,0.0069,0.0181,2
MAPE: 1000.0000: 228,43,3,376,4,5,0.077,0.7779,7
MAPE: 1000.0000: 224,48,8,222,5,10,0.0982,0.1511,10
MAPE: 1000.0000: 366,46,6,392,3,6,0.0401,0.2524,4
MAPE: 0.0433: 284,15,1,465,5,14,0.0028,0.719,5
MAPE: 0.7993: 120,43,4,36,4,12,0.0325,0.5829,6
MAPE: 1000.0000: 123,15,5,121,6,8,0.0168,0.8475,10
MAPE: 1000.0000: 240,13,1,172,10,11,0.082,0.7493,6
MAPE: 1000.0000: 221,49,2,410,6,13,0.0649,0.735,9
MAPE: 0.7993: 328,7,2,41,6,11,0.0724,0.4904,5
MAPE: 0.7993: 316,27,5,34,7,19,0.021,0.5332,8
MAPE: 1000.0000: 386,42,5,108,4,9,0.0953,0.4276,7
MAPE: 1000.0000: 88,12,3,495,4,4,0.0554,0.6047,2
MAPE: 1000.0000: 191,24,5,140,7,2,0.0364,0.5358,8
MAPE: 1000.0000: 501,34,3,433,8,17,0.008,0.2819,2
MAPE: 1000.0000: 280,25,7,188,6,18,0.0475,0.7038,4
MAPE: 1000.0000: 491,34,4,399,8,7,0.0913,0.8643,8
MAPE: 1000.0000: 98,13,6,408,2,6,0.0154,0.9401,5
MAPE: 1000.0000: 124,21,7,182,8,5,0.084,0.9345,8
MAPE: 1000.0000: 506,42,8,241,5,20,0.0119,0.4467,8
MAPE: 1000.0000: 429,11,10,133,4,19,0.0991,0.9977,2
MAPE: 1000.0000: 306,10,7,397,7,1,0.036,0.3719,3
MAPE: 0.7993: 479,40,9,57,1,7,0.0674,0.6994,10
MAPE: 1000.0000: 49,33,6,390,7,11,0.0581,0.5647,8
MAPE: 1000.0000: 496,3,3,290,9,11,0.0821,0.7182,5
MAPE: 1000.0000: 80,13,7,179,2,5,0.0575,0.4777,7
MAPE: 1000.0000: 247,11,2,348,8,7,0.0788,0.7859,1
MAPE: 1000.0000: 407,5,8,23,5,2,0.078,0.0629,5
MAPE: 0.7993: 99,16,5,382,1,5,0.0716,0.414,6
MAPE: 0.7993: 154,31,4,199,2,14,0.0312,0.142,2
MAPE: 1000.0000: 80,3,4,405,4,18,0.0474,0.9513,9
MAPE: 1000.0000: 78,38,9,241,5,10,0.0726,0.3661,8
MAPE: 0.7993: 381,4,2,70,4,15,0.0392,0.0768,10
MAPE: 1000.0000: 357,11,7,53,10,4,0.0785,0.9294,8
MAPE: 1000.0000: 459,50,2,266,5,8,0.033,0.6786,10
MAPE: 1000.0000: 217,2,7,301,10,13,0.0065,0.6825,8
MAPE: 0.0475: 118,16,9,95,2,9,0.0064,0.9569,10
MAPE: 1000.0000: 90,18,7,194,10,6,0.0411,0.1094,3
MAPE: 1000.0000: 351,22,9,480,3,2,0.0911,0.0532,3
MAPE: 1000.0000: 355,24,2,240,7,11,0.0632,0.5744,2
MAPE: 0.7993: 154,36,1,483,6,13,0.0405,0.4268,4
MAPE: 1000.0000: 360,25,3,252,5,13,0.0424,0.834,4
MAPE: 0.7993: 26,7,2,416,3,4,0.0511,0.7133,3
MAPE: 0.7993: 170,19,2,27,2,17,0.0895,0.4011,6
MAPE: 1000.0000: 52,47,3,450,7,9,0.019,0.5331,8
MAPE: 1000.0000: 181,18,7,301,5,8,0.0345,0.6336,4
MAPE: 1000.0000: 481,27,4,193,5,17,0.0578,0.8567,5
MAPE: 0.7993: 180,42,6,52,3,8,0.0321,0.6655,3
MAPE: 1000.0000: 377,35,8,107,9,19,0.0615,0.5867,7
MAPE: 1000.0000: 289,17,4,332,7,13,0.0844,0.9819,2
MAPE: 1000.0000: 471,39,2,197,5,11,0.0507,0.6224,2
MAPE: 1000.0000: 46,34,2,94,7,20,0.0738,0.5529,2
MAPE: 0.7993: 220,26,1,92,9,11,0.0201,0.7932,1
MAPE: 1000.0000: 127,37,8,201,1,9,0.0771,0.6488,3
MAPE: 1000.0000: 188,21,6,375,6,6,0.0579,0.2254,9
MAPE: 1000.0000: 101,18,6,170,5,16,0.0888,0.4452,7
MAPE: 1000.0000: 160,37,9,460,1,8,0.0538,0.7134,9
MAPE: 0.7993: 54,27,1,236,2,15,0.0625,0.1017,3
MAPE: 1000.0000: 343,7,5,115,6,7,0.018,0.1321,8
MAPE: 1000.0000: 19,6,5,281,2,11,0.0649,0.8286,2
MAPE: 1000.0000: 402,5,5,227,9,17,0.0247,0.5214,6
MAPE: 0.7993: 25,14,5,383,2,2,0.0106,0.6152,9
MAPE: 1000.0000: 57,46,2,90,5,6,0.0855,0.5241,9
MAPE: 1000.0000: 278,26,10,208,2,2,0.052,0.9137,8
MAPE: 0.7993: 162,10,9,110,3,18,0.0109,0.746,8
MAPE: 1000.0000: 308,20,8,487,4,11,0.0373,0.2817,9
MAPE: 0.7993: 305,36,6,130,1,5,0.0517,0.4674,10
MAPE: 1000.0000: 377,33,7,351,9,18,0.0642,0.7912,5
MAPE: 1000.0000: 424,14,9,476,3,18,0.0733,0.6136,4
MAPE: 0.7993: 263,15,2,474,4,14,0.0132,0.8845,1
MAPE: 1000.0000: 226,17,9,178,9,17,0.0646,0.2824,9
MAPE: 1000.0000: 224,27,2,471,4,18,0.0659,0.2912,5
MAPE: 1000.0000: 203,21,10,456,2,17,0.0957,0.1739,8
MAPE: 1000.0000: 473,2,8,245,5,16,0.0722,0.4334,10
MAPE: 0.7993: 20,32,1,331,3,6,0.0176,0.5257,6
MAPE: 1000.0000: 231,33,8,172,7,12,0.0642,0.0303,8
MAPE: 1000.0000: 330,15,4,380,8,15,0.0578,0.3394,8
MAPE: 0.7993: 241,7,10,141,1,11,0.0209,0.7362,9
MAPE: 1000.0000: 66,35,7,197,6,15,0.0434,0.9186,7
MAPE: 0.9053: 67,14,5,16,2,1,0.0774,0.1818,10
MAPE: 0.7993: 173,18,4,12,6,5,0.0779,0.7313,4
MAPE: 1000.0000: 83,16,9,394,10,11,0.0785,0.8355,4
MAPE: 0.7993: 67,47,2,20,7,17,0.0496,0.3915,8
MAPE: 1000.0000: 168,37,9,308,7,19,0.0838,0.0665,7
MAPE: 1000.0000: 162,20,4,179,6,7,0.0554,0.1208,2
MAPE: 1000.0000: 47,10,8,326,4,3,0.0376,0.779,1
MAPE: 1000.0000: 407,47,6,76,2,11,0.0974,0.7386,6
MAPE: 1000.0000: 131,20,4,282,7,9,0.0666,0.8096,3
MAPE: 1000.0000: 121,41,6,256,7,1,0.0947,0.2577,1
MAPE: 1000.0000: 259,43,8,188,9,14,0.0539,0.5785,10
MAPE: 1000.0000: 104,44,6,178,10,8,0.0142,0.7947,10
MAPE: 1000.0000: 456,35,7,171,5,15,0.0694,0.1655,8
MAPE: 1000.0000: 210,9,4,366,5,9,0.0692,0.667,7
MAPE: 1000.0000: 90,16,1,326,10,14,0.0417,0.2802,4
MAPE: 0.7993: 86,36,8,33,1,7,0.0562,0.526,5
MAPE: 0.7993: 134,3,1,420,9,6,0.0308,0.4829,3
MAPE: 1000.0000: 135,14,10,91,5,8,0.0665,0.9625,10
MAPE: 0.2097: 473,4,1,183,3,5,0.0084,0.3704,9
MAPE: 1000.0000: 286,13,8,116,2,14,0.0622,0.8755,5
MAPE: 1000.0000: 224,23,5,464,9,2,0.0949,0.2185,10
MAPE: 1000.0000: 101,46,4,118,5,13,0.0542,0.684,3
MAPE: 1000.0000: 478,18,3,202,9,5,0.0188,0.8178,7
MAPE: 1000.0000: 291,29,8,258,4,3,0.0345,0.4047,7
MAPE: 1000.0000: 264,31,2,220,9,14,0.0595,0.4169,4
MAPE: 1000.0000: 157,25,8,131,8,12,0.0731,0.228,2
MAPE: 1000.0000: 442,11,4,309,3,5,0.039,0.5146,5
MAPE: 1000.0000: 82,18,10,269,9,19,0.0135,0.1253,10
MAPE: 1000.0000: 147,22,8,51,4,17,0.0974,0.737,8
MAPE: 1000.0000: 294,2,5,454,4,4,0.0257,0.1878,7
MAPE: 1000.0000: 470,23,8,94,5,6,0.0706,0.004,1
MAPE: 1000.0000: 484,11,5,227,6,18,0.0625,0.8072,8
MAPE: 1000.0000: 268,35,4,265,2,2,0.0676,0.6515,6
MAPE: 1000.0000: 511,47,7,433,8,4,0.0606,0.7447,2
MAPE: 0.7993: 493,20,1,373,4,6,0.0216,0.5363,3
MAPE: 1000.0000: 197,16,6,480,4,19,0.0515,0.7246,8
MAPE: 0.7993: 153,9,8,8,10,20,0.0407,0.9702,7
MAPE: 0.7993: 186,2,3,366,3,1,0.007,0.3001,5
MAPE: 1000.0000: 473,28,5,285,4,6,0.0271,0.8614,5
MAPE: 1000.0000: 179,50,9,435,4,9,0.0316,0.2141,6
MAPE: 1000.0000: 115,35,5,472,2,5,0.053,0.342,6
MAPE: 0.7993: 47,2,5,304,2,4,0.0162,0.5205,9
MAPE: 1000.0000: 11,40,4,404,3,8,0.0286,0.7734,4
MAPE: 1000.0000: 179,38,9,251,2,19,0.0512,0.7419,10
MAPE: 0.7993: 49,40,4,96,1,10,0.0748,0.4518,2
MAPE: 0.7993: 310,18,8,170,1,4,0.0211,0.1831,5
MAPE: 1000.0000: 260,28,3,144,3,9,0.0865,0.3094,6
MAPE: 0.7993: 293,3,8,66,4,15,0.0165,0.5812,8
MAPE: 1000.0000: 50,8,8,336,2,13,0.0499,0.8164,5
MAPE: 1000.0000: 432,10,4,235,7,16,0.0608,0.3154,7
MAPE: 1000.0000: 332,41,5,393,6,5,0.0112,0.094,6
MAPE: 1000.0000: 333,46,7,127,3,15,0.0692,0.5783,2
MAPE: 1000.0000: 492,48,9,448,5,7,0.0809,0.036,8
MAPE: 0.7993: 385,9,3,54,9,9,0.0285,0.0382,1
MAPE: 0.7993: 232,31,1,327,1,11,0.0755,0.1476,2
MAPE: 1000.0000: 288,31,3,444,5,7,0.0555,0.986,8
MAPE: 1000.0000: 292,35,8,72,5,14,0.0607,0.5745,8
MAPE: 1000.0000: 187,48,4,318,7,13,0.0396,0.3433,10
MAPE: 0.7993: 497,20,2,428,3,17,0.0466,0.5654,4
MAPE: 1000.0000: 344,34,6,232,6,1,0.0902,0.6463,5
MAPE: 0.7993: 129,1,5,162,9,13,0.0052,0.896,2
MAPE: 1000.0000: 244,38,1,439,9,3,0.0786,0.4192,5
MAPE: 1000.0000: 482,10,10,474,7,5,0.0357,0.7757,10
MAPE: 0.0426: 215,32,4,317,6,13,0.0017,0.2041,3
MAPE: 1000.0000: 125,29,7,343,5,18,0.0154,0.3577,2
MAPE: 0.7993: 349,33,2,93,9,16,0.0064,0.7871,7
MAPE: 0.7993: 510,12,3,24,5,12,0.0402,0.8019,8
MAPE: 0.7993: 466,24,4,478,2,3,0.0044,0.9754,2
MAPE: 1.2205: 490,48,3,36,3,19,0.0354,0.4489,5
MAPE: 0.0487: 278,9,2,137,2,4,0.014,0.06,5
MAPE: 1000.0000: 424,34,3,496,6,20,0.0323,0.8791,4
MAPE: 1000.0000: 286,26,3,335,6,8,0.0186,0.764,6
MAPE: 1000.0000: 474,46,7,425,2,9,0.0708,0.4672,8
MAPE: 2.5285: 86,14,9,68,10,7,0.011,0.5525,2
MAPE: 1000.0000: 393,45,3,125,9,7,0.0265,0.6269,2
MAPE: 1000.0000: 373,43,9,197,9,19,0.0066,0.1164,3
MAPE: 1000.0000: 220,3,8,330,4,7,0.0715,0.6911,7
MAPE: 1000.0000: 323,10,8,298,8,15,0.0622,0.6256,1
MAPE: 1000.0000: 135,3,4,160,4,15,0.0275,0.9743,10
MAPE: 1000.0000: 205,20,7,367,9,15,0.0572,0.7789,3
MAPE: 1000.0000: 478,4,5,494,9,8,0.0823,0.5123,6
MAPE: 1000.0000: 204,13,5,324,2,14,0.0668,0.3097,2
MAPE: 1000.0000: 330,29,5,222,4,14,0.0195,0.5195,1
MAPE: 1000.0000: 26,10,7,204,2,13,0.0923,0.3489,4
MAPE: 0.7993: 366,2,2,469,3,6,0.0988,0.0821,5
MAPE: 1000.0000: 502,41,8,312,3,20,0.0901,0.9809,8
MAPE: 1000.0000: 334,2,10,287,5,14,0.0909,0.8174,9
MAPE: 1000.0000: 500,50,3,188,6,4,0.0631,0.8065,2
MAPE: 1000.0000: 98,23,6,382,2,11,0.0656,0.8731,5
MAPE: 0.7993: 344,38,2,256,7,11,0.008,0.2679,3
MAPE: 1000.0000: 463,2,7,413,7,7,0.0299,0.8795,9
MAPE: 1000.0000: 196,29,6,397,5,9,0.0274,0.652,6
MAPE: 2.5285: 359,34,10,116,10,13,0.0725,0.2267,8
MAPE: 1000.0000: 329,41,9,298,4,8,0.0216,0.5019,5
MAPE: 1000.0000: 180,10,5,444,4,13,0.0253,0.1802,9
MAPE: 1000.0000: 147,16,7,92,7,4,0.0124,0.0038,9
MAPE: 1000.0000: 246,9,10,62,2,3,0.0838,0.5401,2
MAPE: 0.7993: 485,39,4,225,1,1,0.0532,0.6157,7
MAPE: 1000.0000: 263,13,4,270,5,11,0.0525,0.8701,9
MAPE: 1000.0000: 471,3,7,378,8,20,0.0395,0.8405,2
MAPE: 2.5285: 219,30,6,9,7,16,0.0313,0.2286,9
MAPE: 1000.0000: 432,8,5,95,7,3,0.0693,0.3363,10
MAPE: 1000.0000: 258,8,6,245,5,5,0.0626,0.936,6
MAPE: 1000.0000: 50,7,6,224,7,16,0.0987,0.3115,2
MAPE: 0.7993: 50,2,3,183,5,8,0.014,0.574,3
MAPE: 0.7993: 139,30,5,384,1,6,0.0357,0.2441,4
MAPE: 1000.0000: 110,38,7,94,4,7,0.0547,0.5051,3
MAPE: 1000.0000: 362,17,8,85,4,4,0.0996,0.5193,3
MAPE: 1000.0000: 283,35,10,256,8,19,0.0701,0.147,5
MAPE: 1000.0000: 170,41,4,460,8,18,0.0503,0.7983,5
MAPE: 1000.0000: 418,15,7,260,7,6,0.0901,0.2038,2
MAPE: 0.7993: 118,5,3,371,1,1,0.0689,0.5235,5
MAPE: 1000.0000: 396,5,3,297,4,18,0.0578,0.4887,3
MAPE: 1000.0000: 467,33,9,378,6,3,0.0233,0.3365,8
MAPE: 1000.0000: 180,42,8,96,7,3,0.0783,0.4325,7
MAPE: 1000.0000: 451,30,5,193,4,18,0.0327,0.9787,3
MAPE: 1000.0000: 307,40,8,52,3,14,0.0638,0.2624,8
MAPE: 1000.0000: 312,3,4,171,9,18,0.0395,0.0128,6
MAPE: 1000.0000: 73,25,4,37,5,6,0.095,0.631,1
MAPE: 1000.0000: 63,44,6,392,10,8,0.0693,0.7998,6
MAPE: 1000.0000: 432,31,7,414,5,15,0.0654,0.6176,9
MAPE: 0.7993: 471,48,2,23,7,20,0.0408,0.9206,7
MAPE: 1000.0000: 205,16,7,196,9,7,0.0961,0.1297,4
MAPE: 1000.0000: 469,9,7,353,10,11,0.0294,0.8331,3
MAPE: 1000.0000: 497,36,5,184,3,2,0.0871,0.5332,10
MAPE: 1000.0000: 226,32,2,101,8,2,0.0506,0.3796,8
MAPE: 1000.0000: 255,6,8,408,10,19,0.0694,0.2087,9
MAPE: 0.7993: 280,11,4,34,2,2,0.0579,0.9333,4
MAPE: 2.5285: 164,48,8,117,8,11,0.0144,0.2811,2
MAPE: 1000.0000: 77,31,5,485,9,3,0.0167,0.2657,2
MAPE: 0.7993: 50,23,4,8,9,5,0.0194,0.3815,6
MAPE: 0.7993: 405,49,9,216,1,18,0.0155,0.7252,3
MAPE: 1000.0000: 264,34,7,379,8,4,0.0219,0.1223,9
MAPE: 0.7993: 468,9,2,43,4,15,0.0255,0.2629,6
MAPE: 1000.0000: 469,10,5,488,9,3,0.0296,0.4127,9
MAPE: 0.7993: 20,13,2,472,8,15,0.0053,0.5814,5
MAPE: 1000.0000: 223,27,6,267,6,14,0.0135,0.129,2
MAPE: 0.1430: 445,14,1,123,3,10,0.0033,0.9234,6
MAPE: 1000.0000: 218,16,2,117,9,15,0.0917,0.2687,3
MAPE: 1000.0000: 176,43,8,413,9,6,0.0182,0.181,7
MAPE: 1000.0000: 345,18,6,241,4,17,0.0828,0.2058,7
MAPE: 1000.0000: 37,5,5,192,7,14,0.0843,0.1359,8
MAPE: 1000.0000: 21,8,4,15,9,15,0.0459,0.55,2
MAPE: 1000.0000: 387,8,9,435,9,13,0.034,0.4866,6
MAPE: 1000.0000: 200,26,7,356,5,20,0.0604,0.9589,4
MAPE: 1000.0000: 465,16,2,219,8,8,0.0259,0.9554,2
MAPE: 1000.0000: 454,23,5,93,3,16,0.0584,0.5988,3
MAPE: 1000.0000: 124,35,9,113,6,1,0.0928,0.1038,2
MAPE: 1000.0000: 359,4,8,284,7,17,0.0244,0.3183,3
MAPE: 1000.0000: 101,6,6,157,6,12,0.0785,0.9515,5
MAPE: 0.7993: 497,41,3,9,6,9,0.0942,0.8116,8
MAPE: 1000.0000: 190,49,4,365,8,3,0.0497,0.8203,2
MAPE: 1000.0000: 167,41,4,141,2,7,0.0741,0.113,6
MAPE: 1000.0000: 424,36,9,312,8,9,0.0071,0.2533,3
MAPE: 0.7993: 350,18,9,34,8,17,0.0908,0.1888,4
MAPE: 1000.0000: 137,23,4,459,6,13,0.0786,0.558,7
MAPE: 0.7993: 495,21,2,98,2,10,0.0493,0.8828,10
MAPE: 1000.0000: 475,40,9,427,5,8,0.0799,0.3617,5
MAPE: 1000.0000: 295,36,5,373,4,8,0.0333,0.3192,1
MAPE: 1000.0000: 344,9,7,330,3,20,0.0923,0.4056,5
MAPE: 1000.0000: 358,9,4,71,10,10,0.0892,0.5906,10
MAPE: 1000.0000: 237,6,9,485,3,12,0.0999,0.1351,3
MAPE: 1000.0000: 510,36,8,216,3,8,0.0129,0.0564,10
MAPE: 1000.0000: 39,19,4,94,5,19,0.025,0.718,2
MAPE: 1000.0000: 424,40,3,128,9,14,0.0662,0.9567,8
MAPE: 1000.0000: 427,1,7,357,4,14,0.0397,0.8778,4
MAPE: 1000.0000: 437,36,4,256,9,9,0.0752,0.6114,2
MAPE: 1000.0000: 386,16,7,362,7,8,0.0815,0.631,10
MAPE: 1000.0000: 117,37,7,315,1,9,0.0925,0.6525,1
MAPE: 1000.0000: 430,10,9,231,2,10,0.049,0.1663,3
MAPE: 0.7993: 429,8,5,222,4,20,0.0052,0.5819,6
MAPE: 0.7993: 235,23,9,55,8,15,0.0783,0.8731,7
MAPE: 0.1824: 319,17,1,42,1,14,0.0478,0.3423,9
MAPE: 1000.0000: 214,3,7,246,1,16,0.091,0.6676,3
MAPE: 1000.0000: 310,39,7,276,8,6,0.0284,0.044,3
MAPE: 1000.0000: 223,37,8,428,9,16,0.0762,0.1363,8
MAPE: 1000.0000: 223,31,5,342,5,9,0.0286,0.3505,4
MAPE: 1000.0000: 144,18,3,364,4,10,0.0778,0.1343,8
MAPE: 1000.0000: 270,11,6,246,4,3,0.0596,0.7544,8
MAPE: 0.7993: 352,6,6,107,4,9,0.0081,0.9103,2
MAPE: 0.1629: 223,44,4,38,7,12,0.0051,0.6294,8
MAPE: 1000.0000: 314,33,3,153,5,16,0.0653,0.9224,6
MAPE: 1000.0000: 316,28,3,479,9,6,0.0784,0.071,1
MAPE: 1000.0000: 134,17,7,276,5,5,0.0978,0.9897,9
MAPE: 1000.0000: 180,14,5,310,6,20,0.0926,0.2802,1
MAPE: 0.7993: 175,46,2,342,2,7,0.0238,0.4677,9
MAPE: 0.6924: 255,14,8,22,2,5,0.0491,0.6473,10
MAPE: 0.7993: 39,32,3,32,1,13,0.0359,0.8141,4
MAPE: 0.7993: 226,24,2,377,2,10,0.014,0.9095,3
MAPE: 1000.0000: 455,45,4,268,5,3,0.0477,0.7992,7
MAPE: 1000.0000: 45,32,10,144,9,2,0.075,0.7967,8
MAPE: 1000.0000: 450,7,7,128,3,9,0.0694,0.1121,7
MAPE: 1000.0000: 343,42,2,195,9,15,0.0864,0.4945,3
MAPE: 1000.0000: 352,45,6,152,9,7,0.0778,0.5593,6
MAPE: 1000.0000: 180,23,8,26,6,5,0.0896,0.3149,2
MAPE: 1000.0000: 460,26,6,431,8,14,0.0909,0.6428,5
MAPE: 1000.0000: 43,24,7,206,10,6,0.0695,0.0703,7
MAPE: 1000.0000: 364,15,8,166,3,1,0.0789,0.8018,5
MAPE: 1000.0000: 31,28,8,134,5,2,0.0305,0.3588,2
MAPE: 1000.0000: 215,18,7,455,2,17,0.0543,0.6903,5
MAPE: 1000.0000: 374,35,9,289,7,1,0.0728,0.6941,7
MAPE: 1000.0000: 298,39,7,92,7,16,0.0352,0.7773,4
MAPE: 1000.0000: 440,6,3,333,4,17,0.0967,0.1823,2
MAPE: 1000.0000: 335,4,2,408,6,11,0.0772,0.0682,3
MAPE: 1000.0000: 105,19,9,360,2,7,0.0792,0.82,3
MAPE: 1000.0000: 247,12,9,422,7,19,0.0549,0.0539,2
MAPE: 1000.0000: 152,4,6,213,5,7,0.0666,0.2986,8
MAPE: 1000.0000: 104,44,10,468,3,12,0.0584,0.2716,10
MAPE: 0.1921: 336,18,2,56,4,13,0.0008,0.6847,2
MAPE: 1000.0000: 81,6,3,55,10,17,0.0358,0.2606,4
MAPE: 1000.0000: 203,13,3,99,9,17,0.0748,0.443,9
MAPE: 1000.0000: 277,47,2,444,10,9,0.051,0.0184,3
MAPE: 0.7993: 240,14,4,126,2,18,0.0184,0.1664,6
MAPE: 1000.0000: 151,17,6,313,6,8,0.0055,0.0863,8
MAPE: 0.2089: 426,36,8,20,7,16,0.0034,0.0045,7
MAPE: 0.7993: 123,37,1,136,8,8,0.0335,0.3408,4
MAPE: 1000.0000: 477,8,6,226,8,9,0.092,0.0138,3
MAPE: 0.7993: 403,21,4,114,6,17,0.0055,0.408,3
MAPE: 1000.0000: 397,18,4,235,6,4,0.0943,0.7249,2
MAPE: 1000.0000: 456,28,7,382,3,19,0.0249,0.2632,7
MAPE: 1000.0000: 307,32,2,397,7,19,0.0592,0.8546,5
MAPE: 1000.0000: 441,50,3,183,9,15,0.0166,0.6994,4
MAPE: 1000.0000: 270,15,4,32,7,9,0.074,0.591,6
MAPE: 0.7993: 504,35,1,214,3,12,0.0329,0.9737,1
MAPE: 1000.0000: 419,32,9,306,8,17,0.0108,0.0726,1
MAPE: 1000.0000: 247,5,7,293,3,8,0.0859,0.8988,8
MAPE: 1000.0000: 427,50,9,421,3,2,0.0845,0.5857,8
MAPE: 1000.0000: 162,7,6,96,6,4,0.0888,0.8452,2
MAPE: 1000.0000: 443,26,8,336,9,12,0.0322,0.7705,6
MAPE: 1000.0000: 359,19,6,490,8,10,0.0546,0.5532,1
MAPE: 1000.0000: 109,9,2,369,9,8,0.0236,0.3406,3
MAPE: 0.7993: 37,38,3,171,1,14,0.0976,0.03,8
MAPE: 1000.0000: 51,3,6,495,1,10,0.0916,0.1616,8
MAPE: 0.3348: 428,37,4,86,1,4,0.0223,0.0658,3
MAPE: 1000.0000: 263,34,6,211,5,15,0.0726,0.8357,8
MAPE: 1000.0000: 283,14,4,393,6,10,0.0815,0.9914,3
MAPE: 1000.0000: 358,16,5,354,4,11,0.0124,0.6816,3
MAPE: 0.7993: 384,39,4,60,3,19,0.0311,0.2162,4
MAPE: 1000.0000: 461,17,10,67,7,9,0.0927,0.9079,2
MAPE: 0.4328: 298,49,7,8,6,18,0.0087,0.9084,2
MAPE: 0.7993: 292,44,2,258,7,4,0.0059,0.2909,7
MAPE: 1000.0000: 30,16,6,355,10,7,0.0507,0.1449,4
MAPE: 1000.0000: 450,39,8,373,3,2,0.0085,0.9232,6
MAPE: 1000.0000: 63,5,6,37,2,18,0.0929,0.4534,7
MAPE: 0.7993: 12,26,3,201,4,5,0.0079,0.9287,4
MAPE: 1000.0000: 110,32,9,294,7,18,0.0738,0.5294,4
MAPE: 0.7993: 74,5,4,257,1,16,0.0926,0.4355,2
MAPE: 0.7993: 177,42,9,266,1,13,0.0059,0.2155,2
MAPE: 0.7993: 145,48,4,269,2,8,0.0191,0.2347,5
MAPE: 0.7993: 509,15,1,181,4,2,0.0202,0.085,1
MAPE: 1000.0000: 38,28,5,353,8,13,0.0832,0.4734,6
MAPE: 1000.0000: 284,42,8,408,8,4,0.0845,0.1221,5
MAPE: 0.7993: 443,19,7,376,8,15,0.0005,0.1992,10
MAPE: 0.7993: 406,41,9,220,1,16,0.0252,0.8087,1
MAPE: 1000.0000: 163,39,5,389,5,11,0.0495,0.6039,10
MAPE: 1000.0000: 142,43,6,228,5,11,0.0319,0.1143,2
MAPE: 0.0443: 169,15,4,101,6,12,0.0022,0.2981,8
Step: 0, min MAPE: 0.039661475, hyperparameter: [52.06030684750381, 38.02120993496571, 5.562973353027959, 328.4216656238993, 2.9760593688013937, 10.109558752667537, 0.0004046886521190746, 0.3532235818696552, 7.274571795381346]
Data: 3, Round: 0, Step 1
MAPE: 0.7993: 229,19,2,124,5,1,0.0179,0.2195,1
MAPE: 0.2120: 188,30,1,11,1,9,0.0067,0.7096,4
MAPE: 0.0437: 80,21,6,61,6,13,0.0012,0.2905,9
MAPE: 0.7993: 142,41,6,437,5,18,0.0011,0.5361,6
MAPE: 1000.0000: 70,38,7,189,4,14,0.0316,0.4189,10
MAPE: 0.0438: 150,15,4,169,4,9,0.0034,0.5273,9
MAPE: 1000.0000: 52,38,6,328,3,10,0.0296,0.3532,7
MAPE: 0.7993: 116,40,3,31,7,11,0.0227,0.771,9
MAPE: 0.7993: 151,41,3,64,7,15,0.0093,0.191,9
MAPE: 0.0407: 173,36,4,101,1,17,0.0036,0.9584,5
MAPE: 2.5285: 239,33,7,56,5,17,0.0121,0.5778,6
MAPE: 0.7993: 30,48,2,118,3,19,0.009,0.4517,7
MAPE: 0.7993: 282,38,9,187,1,15,0.0164,0.082,3
MAPE: 0.7993: 34,37,3,474,2,15,0.0282,0.7933,2
MAPE: 0.0432: 155,20,3,133,3,19,0.0041,0.4115,2
MAPE: 0.0437: 284,15,1,465,5,14,0.0022,0.719,5
MAPE: 0.7993: 118,16,9,95,6,9,0.0064,0.9569,10
MAPE: 1000.0000: 215,32,4,317,8,13,0.0155,0.2041,6
MAPE: 0.1959: 248,9,2,137,2,8,0.0006,0.06,5
MAPE: 1000.0000: 169,15,4,101,6,12,0.0189,0.2981,8
Step: 1, min MAPE: 0.039661475, hyperparameter: [52.06030684750381, 38.02120993496571, 5.562973353027959, 328.4216656238993, 2.9760593688013937, 10.109558752667537, 0.0004046886521190746, 0.3532235818696552, 7.274571795381346]
Data: 3, Round: 0, Step 2
MAPE: 0.1488: 229,12,5,387,3,1,0.0043,0.2195,1
MAPE: 0.1592: 252,5,2,78,4,9,0.0089,0.7096,4
MAPE: 0.0432: 80,18,4,456,6,18,0.0009,0.2905,9
MAPE: 0.0431: 142,16,2,437,8,18,0.0011,0.6719,10
MAPE: 1000.0000: 260,34,7,189,9,14,0.0155,0.1682,10
MAPE: 1000.0000: 150,15,9,169,4,9,0.0155,0.0334,9
MAPE: 0.0400: 52,38,6,328,3,15,0.0004,0.3532,7
MAPE: 1000.0000: 76,40,3,186,7,11,0.0227,0.3369,7
MAPE: 2.5285: 217,41,7,64,5,8,0.0093,0.191,9
MAPE: 0.1437: 173,36,9,101,1,12,0.0036,0.9584,5
MAPE: 0.7993: 239,33,7,56,5,17,0.0093,0.1268,6
MAPE: 0.0718: 16,17,2,38,2,14,0.0151,0.4517,7
MAPE: 0.7993: 86,14,4,260,1,12,0.0164,0.082,4
MAPE: 0.0441: 34,14,5,322,2,7,0.0004,0.6316,2
MAPE: 0.0421: 155,20,4,133,3,19,0.0041,0.4115,9
MAPE: 0.0433: 284,15,1,465,5,14,0.0028,0.719,5
MAPE: 0.4183: 301,16,9,95,2,9,0.0064,0.9569,5
MAPE: 0.0426: 215,32,4,317,6,13,0.0017,0.2041,3
MAPE: 0.7993: 278,9,6,305,2,4,0.0128,0.06,7
MAPE: 0.7993: 169,15,4,101,6,11,0.0049,0.2981,9
Step: 2, min MAPE: 0.039661475, hyperparameter: [52.06030684750381, 38.02120993496571, 5.562973353027959, 328.4216656238993, 2.9760593688013937, 10.109558752667537, 0.0004046886521190746, 0.3532235818696552, 7.274571795381346]
