Data: 1, Round: 0, Step 0
MAPE: 1000.0000: 235,2,3,274,8,15,0.07,0.0097,9
MAPE: 0.9612: 158,4,2,455,2,14,0.0696,0.0087,1
MAPE: 0.9612: 76,9,7,97,3,18,0.0071,0.4726,4
MAPE: 1000.0000: 181,7,8,334,9,15,0.065,0.1208,6
MAPE: 1000.0000: 301,12,4,82,3,9,0.0727,0.162,6
MAPE: 1000.0000: 348,49,9,372,3,4,0.03,0.2746,10
MAPE: 1000.0000: 193,8,6,256,2,10,0.0662,0.1981,6
MAPE: 0.9612: 305,12,5,16,8,7,0.0578,0.9517,5
MAPE: 1000.0000: 283,43,8,183,7,5,0.0624,0.4299,8
MAPE: 0.9612: 379,7,1,279,2,18,0.0631,0.0251,5
MAPE: 1000.0000: 159,26,9,267,6,7,0.0467,0.9019,8
MAPE: 0.0742: 493,4,8,48,3,2,0.0253,0.5558,6
MAPE: 1000.0000: 294,47,7,436,6,5,0.0535,0.4174,6
MAPE: 1000.0000: 147,34,9,449,9,14,0.0084,0.3544,1
MAPE: 1000.0000: 382,34,10,375,6,19,0.0243,0.1328,2
MAPE: 1000.0000: 43,49,10,392,4,3,0.0204,0.3925,6
MAPE: 1000.0000: 38,32,6,446,5,8,0.0421,0.2508,6
MAPE: 1000.0000: 237,5,3,63,5,12,0.0422,0.7562,4
MAPE: 1000.0000: 115,33,9,58,4,8,0.0368,0.6911,10
MAPE: 1000.0000: 142,22,8,387,4,13,0.0727,0.8849,10
MAPE: 1000.0000: 24,26,9,197,3,10,0.0554,0.0691,8
MAPE: 1000.0000: 42,46,10,28,5,5,0.0834,0.9639,9
MAPE: 1000.0000: 107,13,7,448,4,4,0.0808,0.9373,5
MAPE: 1000.0000: 469,38,5,36,8,13,0.0708,0.6196,8
MAPE: 1000.0000: 142,24,4,150,3,13,0.0707,0.1817,3
MAPE: 1000.0000: 248,37,7,390,7,8,0.0171,0.5797,4
MAPE: 1000.0000: 212,30,7,221,1,12,0.0938,0.9897,4
MAPE: 1000.0000: 321,2,6,253,9,8,0.0607,0.2245,9
MAPE: 1000.0000: 508,6,5,386,5,7,0.0854,0.9862,4
MAPE: 1000.0000: 113,25,6,237,3,18,0.053,0.075,3
MAPE: 1000.0000: 56,31,10,89,8,6,0.0323,0.5953,4
MAPE: 1000.0000: 306,12,5,189,9,13,0.0867,0.941,2
MAPE: 1000.0000: 406,36,6,270,3,5,0.0545,0.9291,7
MAPE: 1000.0000: 447,8,8,297,7,12,0.0218,0.9581,2
MAPE: 1000.0000: 44,31,6,70,7,15,0.0504,0.3535,2
MAPE: 1000.0000: 194,45,9,440,6,18,0.0411,0.8478,2
MAPE: 1000.0000: 380,5,6,144,2,10,0.0388,0.7161,8
MAPE: 1000.0000: 285,2,4,274,2,18,0.0623,0.6451,6
MAPE: 1000.0000: 256,41,10,213,2,19,0.0097,0.3923,3
MAPE: 1000.0000: 421,41,6,282,10,16,0.0946,0.4391,8
MAPE: 1000.0000: 26,12,8,373,2,17,0.0414,0.3969,5
MAPE: 4.3590: 18,14,1,25,3,16,0.0996,0.1803,1
MAPE: 1000.0000: 473,25,8,389,9,16,0.0043,0.6019,3
MAPE: 0.9612: 89,2,2,189,3,11,0.0865,0.7199,3
MAPE: 1000.0000: 200,47,4,150,5,12,0.0608,0.7839,1
MAPE: 1000.0000: 316,11,7,140,7,19,0.0898,0.7056,3
MAPE: 1000.0000: 222,26,3,251,8,9,0.0158,0.1501,5
MAPE: 1000.0000: 252,44,5,326,9,6,0.0402,0.7216,3
MAPE: 1000.0000: 292,21,7,258,4,12,0.0999,0.0075,9
MAPE: 1000.0000: 396,19,3,198,6,2,0.0199,0.5608,6
MAPE: 0.9612: 451,20,2,56,9,16,0.0197,0.114,9
MAPE: 1000.0000: 180,15,8,420,6,18,0.0114,0.7205,10
MAPE: 1000.0000: 363,4,4,259,8,10,0.0672,0.7077,3
MAPE: 1000.0000: 254,18,8,452,8,10,0.0659,0.865,5
MAPE: 1000.0000: 131,21,3,269,9,14,0.0174,0.0011,5
MAPE: 1000.0000: 445,31,3,432,7,4,0.0524,0.1924,9
MAPE: 1000.0000: 407,24,6,191,3,10,0.0886,0.054,6
MAPE: 1000.0000: 483,26,10,202,9,18,0.0795,0.013,1
MAPE: 0.9612: 450,41,3,181,9,5,0.0074,0.9727,8
MAPE: 1000.0000: 269,18,2,82,9,9,0.0786,0.9647,8
MAPE: 1000.0000: 411,10,4,191,10,18,0.0658,0.6352,7
MAPE: 1000.0000: 486,14,4,340,2,14,0.0441,0.8856,7
MAPE: 1000.0000: 178,29,4,254,4,20,0.0362,0.2949,5
MAPE: 1000.0000: 264,46,9,445,8,5,0.0148,0.2673,3
MAPE: 1000.0000: 286,24,9,435,8,6,0.0164,0.5979,7
MAPE: 1000.0000: 185,33,1,248,7,3,0.0682,0.503,3
MAPE: 0.9612: 50,42,2,365,1,16,0.0796,0.98,2
MAPE: 1000.0000: 209,4,1,455,9,7,0.0652,0.618,4
MAPE: 1000.0000: 489,32,5,263,5,11,0.082,0.3383,4
MAPE: 0.9612: 65,26,4,93,1,7,0.0601,0.3064,9
MAPE: 1000.0000: 137,17,4,458,7,7,0.0724,0.3798,8
MAPE: 0.9612: 424,32,4,6,6,19,0.0891,0.1095,4
MAPE: 1000.0000: 289,45,3,169,2,15,0.081,0.2219,3
MAPE: 1000.0000: 510,17,9,48,9,14,0.0991,0.6076,6
MAPE: 0.9612: 399,11,1,74,3,17,0.0781,0.8829,3
MAPE: 1000.0000: 196,30,9,133,2,16,0.048,0.7617,5
MAPE: 1000.0000: 349,29,10,393,10,2,0.0273,0.4278,8
MAPE: 1000.0000: 89,30,6,140,4,4,0.0635,0.2371,2
MAPE: 1000.0000: 117,12,5,486,8,15,0.0031,0.1388,6
MAPE: 0.9612: 157,19,1,336,1,14,0.0744,0.8027,5
MAPE: 0.9612: 54,3,1,496,3,6,0.0929,0.8273,10
MAPE: 1000.0000: 271,9,4,279,7,15,0.0545,0.2354,5
MAPE: 1000.0000: 73,48,5,291,3,2,0.0894,0.9404,2
MAPE: 1000.0000: 149,39,9,347,2,12,0.0344,0.3297,7
MAPE: 0.0920: 407,1,1,464,10,18,0.0021,0.1023,4
MAPE: 1000.0000: 235,2,8,362,7,18,0.0729,0.8451,9
MAPE: 1000.0000: 178,4,7,16,6,15,0.075,0.1158,7
MAPE: 1000.0000: 390,6,8,208,4,15,0.0943,0.8063,5
MAPE: 1000.0000: 153,34,3,244,10,18,0.0556,0.6969,9
MAPE: 1000.0000: 123,17,9,320,9,6,0.0398,0.4453,10
MAPE: 0.9612: 100,14,8,56,10,16,0.0065,0.9502,7
MAPE: 1000.0000: 242,19,4,225,5,11,0.0126,0.2275,7
MAPE: 1000.0000: 104,6,5,272,8,4,0.0807,0.9409,6
MAPE: 1000.0000: 394,32,9,316,9,1,0.0519,0.3906,8
MAPE: 1000.0000: 93,46,3,292,5,14,0.0242,0.5192,10
MAPE: 1000.0000: 47,3,8,330,8,19,0.039,0.3311,7
MAPE: 0.9612: 119,4,2,249,2,9,0.0532,0.0578,5
MAPE: 0.9612: 374,24,6,2,6,1,0.0299,0.3196,9
MAPE: 1000.0000: 471,16,5,229,6,5,0.0346,0.9864,9
MAPE: 1000.0000: 106,21,8,88,8,12,0.0981,0.2293,1
MAPE: 1000.0000: 90,31,4,306,6,13,0.0782,0.0077,6
MAPE: 1000.0000: 80,19,8,171,6,8,0.0882,0.1072,9
MAPE: 1000.0000: 151,37,8,340,2,12,0.0842,0.5687,4
MAPE: 1000.0000: 430,43,9,411,6,5,0.0738,0.5365,7
MAPE: 1000.0000: 478,25,3,335,8,15,0.0098,0.628,9
MAPE: 1000.0000: 177,46,6,428,9,17,0.0037,0.8418,7
MAPE: 0.9612: 342,25,2,179,2,19,0.0343,0.4352,6
MAPE: 1000.0000: 347,12,3,361,8,7,0.033,0.3417,6
MAPE: 1000.0000: 357,44,5,387,8,7,0.0668,0.7022,6
MAPE: 1000.0000: 507,22,8,425,7,18,0.042,0.423,5
MAPE: 1000.0000: 436,8,2,177,5,19,0.0936,0.5997,1
MAPE: 1000.0000: 416,40,8,327,10,7,0.0623,0.2637,9
MAPE: 1000.0000: 458,33,7,421,5,10,0.0028,0.611,5
MAPE: 1000.0000: 242,28,9,227,10,12,0.0856,0.0136,6
MAPE: 1000.0000: 414,10,6,149,2,13,0.0218,0.0241,4
MAPE: 1000.0000: 206,23,6,491,7,5,0.0302,0.1015,7
MAPE: 0.0666: 255,32,7,29,3,19,0.0086,0.1065,2
MAPE: 1000.0000: 350,50,2,269,5,10,0.0368,0.7145,3
MAPE: 1000.0000: 416,42,10,271,6,12,0.065,0.7696,5
MAPE: 1000.0000: 376,19,9,436,3,2,0.0757,0.5351,9
MAPE: 1000.0000: 188,14,6,435,5,16,0.0553,0.247,8
MAPE: 1000.0000: 31,3,8,304,3,14,0.0382,0.8046,6
MAPE: 0.9612: 444,27,2,23,2,17,0.046,0.8147,1
MAPE: 0.0586: 64,41,1,141,1,8,0.0108,0.7943,10
MAPE: 1000.0000: 279,7,9,470,3,2,0.0295,0.866,5
MAPE: 1000.0000: 124,16,3,466,8,10,0.0276,0.74,4
MAPE: 0.9612: 296,23,3,45,3,16,0.0753,0.1739,9
MAPE: 1000.0000: 471,18,2,391,10,7,0.0932,0.2449,7
MAPE: 1000.0000: 169,42,5,90,6,6,0.0985,0.0508,2
MAPE: 1000.0000: 284,24,6,120,10,17,0.0393,0.0691,9
MAPE: 0.9612: 258,2,4,407,2,3,0.027,0.4867,7
MAPE: 1000.0000: 408,47,9,405,4,3,0.0639,0.3162,3
MAPE: 1000.0000: 452,11,4,198,10,1,0.0754,0.2813,6
MAPE: 1000.0000: 474,40,4,461,9,12,0.0586,0.5933,2
MAPE: 0.0760: 275,3,1,64,3,16,0.0054,0.0577,2
MAPE: 1000.0000: 19,10,7,411,4,15,0.0049,0.2147,4
MAPE: 1000.0000: 144,23,10,464,4,1,0.0174,0.2516,9
MAPE: 1000.0000: 313,42,8,61,7,1,0.0532,0.7688,7
MAPE: 1000.0000: 508,15,8,277,2,13,0.0693,0.1704,5
MAPE: 0.9612: 331,32,1,17,5,17,0.06,0.5966,6
MAPE: 1000.0000: 91,37,4,163,9,17,0.0378,0.3059,9
MAPE: 1000.0000: 335,44,4,363,3,17,0.0911,0.9715,5
MAPE: 1000.0000: 171,20,6,358,7,7,0.0476,0.3748,6
MAPE: 1000.0000: 126,11,5,467,10,15,0.0075,0.4009,2
MAPE: 0.9612: 397,27,1,30,9,9,0.059,0.381,7
MAPE: 0.9612: 428,46,2,176,3,5,0.0775,0.1218,3
MAPE: 1000.0000: 481,43,3,371,6,6,0.0134,0.1424,9
MAPE: 1000.0000: 453,6,5,485,2,19,0.0755,0.3238,1
MAPE: 1000.0000: 376,36,8,283,9,11,0.0794,0.9701,2
MAPE: 0.2180: 251,12,9,12,3,18,0.0064,0.7557,9
MAPE: 0.9612: 14,49,2,315,1,19,0.0094,0.4146,7
MAPE: 1000.0000: 329,3,6,236,5,12,0.0105,0.1598,9
MAPE: 1000.0000: 167,37,4,136,9,8,0.0596,0.268,10
MAPE: 1000.0000: 51,2,7,401,5,3,0.0194,0.2807,5
MAPE: 4.3590: 81,35,10,192,6,10,0.0032,0.7288,4
MAPE: 0.0630: 205,44,3,31,1,11,0.0222,0.2899,5
MAPE: 1000.0000: 469,38,9,173,3,6,0.0209,0.2833,2
MAPE: 1000.0000: 230,8,6,408,2,4,0.0226,0.2065,3
MAPE: 1000.0000: 344,37,7,92,7,19,0.0914,0.3576,6
MAPE: 1000.0000: 343,17,9,185,2,11,0.0963,0.4453,8
MAPE: 0.9612: 173,46,1,38,6,18,0.0299,0.0275,10
MAPE: 1000.0000: 465,39,6,369,9,11,0.0998,0.7311,9
MAPE: 1000.0000: 315,41,2,481,6,10,0.0462,0.3169,4
MAPE: 1000.0000: 65,49,4,75,3,18,0.0723,0.8124,10
MAPE: 0.9612: 310,12,4,19,6,2,0.064,0.922,10
MAPE: 1000.0000: 407,16,8,478,3,4,0.0155,0.4124,3
MAPE: 0.9612: 203,28,4,330,1,7,0.0248,0.5388,6
MAPE: 0.9612: 180,42,2,456,2,8,0.0661,0.8058,5
MAPE: 1000.0000: 99,44,6,341,9,7,0.013,0.5546,4
MAPE: 0.9612: 166,9,4,97,1,9,0.0452,0.5614,6
MAPE: 1000.0000: 321,36,4,84,9,16,0.0927,0.655,2
MAPE: 0.9612: 332,12,2,26,9,20,0.0358,0.596,2
MAPE: 0.9612: 433,16,4,315,2,12,0.0168,0.0032,3
MAPE: 1000.0000: 489,40,2,257,5,18,0.0585,0.4368,4
MAPE: 1000.0000: 297,18,3,140,5,15,0.0723,0.5738,6
MAPE: 1000.0000: 76,14,7,206,5,15,0.0462,0.6967,1
MAPE: 1000.0000: 437,5,3,216,4,10,0.0502,0.0448,9
MAPE: 1000.0000: 217,26,4,232,2,15,0.0744,0.2318,7
MAPE: 1000.0000: 455,13,3,198,5,7,0.0746,0.9124,7
MAPE: 0.0608: 20,28,1,482,1,2,0.008,0.638,3
MAPE: 4.3590: 284,22,3,24,9,19,0.0534,0.0906,3
MAPE: 1000.0000: 213,12,6,269,2,2,0.0352,0.088,7
MAPE: 1000.0000: 336,38,8,286,4,12,0.0163,0.3473,3
MAPE: 1000.0000: 95,42,2,248,6,3,0.0315,0.572,5
MAPE: 0.9612: 197,2,3,22,3,6,0.0427,0.244,3
MAPE: 1000.0000: 93,11,3,497,4,6,0.0598,0.3367,4
MAPE: 1000.0000: 385,17,8,303,2,3,0.0545,0.7868,8
MAPE: 1000.0000: 113,31,10,369,5,7,0.0697,0.0337,5
MAPE: 1000.0000: 52,17,2,465,4,8,0.0655,0.9132,1
MAPE: 0.9612: 47,35,3,283,4,15,0.011,0.7243,1
MAPE: 0.9612: 420,15,2,77,3,17,0.0633,0.8628,5
MAPE: 1000.0000: 137,19,4,192,7,1,0.0545,0.6707,10
MAPE: 1.2738: 393,9,9,3,6,19,0.0455,0.3734,6
MAPE: 1000.0000: 189,42,3,160,8,16,0.0294,0.0068,4
MAPE: 1000.0000: 219,33,7,166,9,2,0.0371,0.4683,10
MAPE: 1000.0000: 223,26,6,117,2,2,0.0463,0.67,3
MAPE: 1000.0000: 309,36,3,160,6,19,0.0184,0.3316,6
MAPE: 1000.0000: 138,48,6,244,9,6,0.0821,0.7735,6
MAPE: 0.9612: 172,4,5,38,10,6,0.0264,0.4633,4
MAPE: 1000.0000: 34,20,5,305,2,11,0.0959,0.6278,8
MAPE: 1000.0000: 59,32,3,226,4,14,0.0428,0.9568,8
MAPE: 1000.0000: 39,14,10,441,3,15,0.0197,0.934,10
MAPE: 1000.0000: 437,17,8,475,5,14,0.0734,0.9946,7
MAPE: 1000.0000: 397,32,9,351,3,9,0.0193,0.3527,4
MAPE: 1000.0000: 460,47,7,406,7,19,0.0341,0.1389,3
MAPE: 0.9612: 262,21,6,41,2,9,0.0622,0.631,1
MAPE: 0.9612: 346,49,1,379,5,11,0.064,0.2566,6
MAPE: 1000.0000: 320,3,3,213,8,9,0.0914,0.4896,9
MAPE: 1000.0000: 34,7,7,284,9,13,0.0304,0.1857,3
MAPE: 0.9612: 164,11,9,16,10,18,0.0079,0.4136,6
MAPE: 1000.0000: 293,9,9,259,6,5,0.0208,0.47,6
MAPE: 0.9612: 118,6,5,45,3,7,0.0354,0.2933,3
MAPE: 1000.0000: 510,30,9,256,9,19,0.0907,0.2318,6
MAPE: 1000.0000: 154,18,4,339,8,8,0.0914,0.9086,5
MAPE: 1000.0000: 469,2,3,235,7,12,0.094,0.2691,7
MAPE: 1000.0000: 500,18,5,322,6,14,0.0605,0.9884,8
MAPE: 1000.0000: 373,14,6,105,4,7,0.0482,0.4398,8
MAPE: 1000.0000: 244,9,3,265,5,17,0.0335,0.7345,7
MAPE: 1000.0000: 445,46,7,484,2,19,0.0638,0.0099,4
MAPE: 0.9612: 377,11,1,456,3,6,0.058,0.4126,6
MAPE: 1000.0000: 447,11,5,258,9,15,0.0687,0.9661,2
MAPE: 1000.0000: 94,44,2,55,9,17,0.0771,0.5538,9
MAPE: 1000.0000: 112,48,10,298,2,19,0.0744,0.5011,3
MAPE: 1000.0000: 504,8,5,497,5,5,0.04,0.1728,9
MAPE: 1000.0000: 133,8,2,196,10,20,0.0151,0.0545,6
MAPE: 1000.0000: 330,5,7,119,10,2,0.0714,0.849,6
MAPE: 0.9612: 337,24,2,17,2,11,0.0832,0.0679,3
MAPE: 1000.0000: 507,17,5,150,7,19,0.0628,0.5505,5
MAPE: 0.9612: 290,21,1,132,8,13,0.0599,0.219,4
MAPE: 1.3868: 466,19,2,3,7,2,0.0783,0.7934,3
MAPE: 1000.0000: 223,33,5,21,5,15,0.0717,0.4365,3
MAPE: 1000.0000: 162,46,6,260,3,19,0.0713,0.2516,4
MAPE: 1000.0000: 377,41,5,289,3,20,0.0633,0.3707,5
MAPE: 1000.0000: 456,19,4,102,8,16,0.0819,0.8148,5
MAPE: 0.0631: 443,18,7,169,2,8,0.0039,0.455,3
MAPE: 1000.0000: 90,43,8,449,10,17,0.0281,0.2671,2
MAPE: 1000.0000: 375,49,6,361,6,12,0.0246,0.8894,3
MAPE: 1000.0000: 373,36,5,48,8,11,0.0912,0.5895,4
MAPE: 1000.0000: 152,25,8,167,6,4,0.0066,0.4328,7
MAPE: 1000.0000: 446,48,4,372,9,13,0.0055,0.7581,8
MAPE: 1000.0000: 53,4,10,397,9,9,0.0703,0.1606,2
MAPE: 0.9612: 168,21,2,185,2,19,0.0502,0.4301,4
MAPE: 1000.0000: 228,48,5,38,3,10,0.0647,0.9949,8
MAPE: 1000.0000: 429,35,5,375,4,14,0.0869,0.8026,8
MAPE: 0.9612: 334,22,9,54,5,19,0.0151,0.3456,10
MAPE: 1000.0000: 500,5,4,302,7,4,0.0565,0.3998,10
MAPE: 1000.0000: 222,50,7,39,5,9,0.0566,0.6544,6
MAPE: 1000.0000: 402,16,3,428,9,14,0.0706,0.6994,8
MAPE: 1000.0000: 395,27,4,327,8,17,0.0575,0.5079,3
MAPE: 0.9612: 112,49,2,359,2,3,0.0859,0.1954,9
MAPE: 0.9612: 22,37,10,17,1,19,0.0583,0.8834,5
MAPE: 1000.0000: 320,7,6,418,8,13,0.0346,0.2717,5
MAPE: 1000.0000: 174,10,6,50,7,3,0.039,0.3932,6
MAPE: 1000.0000: 101,8,10,152,7,19,0.0956,0.6739,7
MAPE: 1000.0000: 410,12,8,313,2,6,0.0284,0.3966,2
MAPE: 1000.0000: 461,21,10,481,2,6,0.0422,0.3436,4
MAPE: 0.9612: 60,45,7,56,8,17,0.0104,0.7081,9
MAPE: 1000.0000: 91,19,5,228,7,6,0.0953,0.1284,5
MAPE: 1000.0000: 251,43,8,456,3,6,0.0651,0.1482,1
MAPE: 1000.0000: 303,42,3,461,8,14,0.0892,0.9718,6
MAPE: 0.0694: 173,31,6,8,2,11,0.0136,0.4147,5
MAPE: 1000.0000: 424,25,4,156,9,19,0.0976,0.1063,7
MAPE: 1000.0000: 252,38,3,226,5,11,0.0391,0.8874,5
MAPE: 1000.0000: 147,47,1,442,8,19,0.0353,0.4514,8
MAPE: 1000.0000: 50,43,9,185,9,11,0.0368,0.3404,6
MAPE: 1000.0000: 146,24,8,401,10,6,0.045,0.0677,7
MAPE: 0.9612: 131,41,1,89,4,4,0.0413,0.2755,7
MAPE: 1000.0000: 212,16,5,499,8,9,0.0435,0.2827,4
MAPE: 1000.0000: 478,48,7,367,3,16,0.0962,0.7712,3
MAPE: 1000.0000: 253,46,7,292,10,19,0.019,0.812,6
MAPE: 1000.0000: 221,34,6,452,6,18,0.0598,0.9158,7
MAPE: 1000.0000: 68,1,9,240,7,5,0.0949,0.4317,4
MAPE: 1000.0000: 227,33,3,475,8,13,0.0066,0.6472,1
MAPE: 1000.0000: 474,13,5,76,4,9,0.0994,0.2175,9
MAPE: 1000.0000: 141,49,4,385,5,6,0.0256,0.5799,9
MAPE: 0.9612: 116,23,1,93,6,2,0.0964,0.5666,8
MAPE: 1000.0000: 458,49,5,387,10,15,0.0108,0.5572,6
MAPE: 0.0599: 368,40,1,30,8,19,0.0161,0.9206,7
MAPE: 0.9612: 308,26,1,278,5,18,0.0204,0.037,7
MAPE: 0.9612: 339,17,2,117,4,14,0.0379,0.5233,1
MAPE: 1000.0000: 55,33,10,483,7,14,0.0081,0.8029,9
MAPE: 0.9612: 96,44,1,431,2,9,0.0402,0.6134,10
MAPE: 1000.0000: 328,7,5,319,8,4,0.0774,0.7439,2
MAPE: 0.9612: 402,48,1,25,9,11,0.0904,0.767,7
MAPE: 0.9612: 191,6,5,476,1,12,0.014,0.582,4
MAPE: 0.0651: 473,9,6,25,5,10,0.0029,0.8817,9
MAPE: 0.9612: 441,33,8,185,1,15,0.0128,0.2077,9
MAPE: 1000.0000: 320,6,5,494,3,12,0.0157,0.2504,3
MAPE: 1000.0000: 311,21,5,40,7,5,0.0689,0.5506,8
MAPE: 0.9612: 348,9,2,172,4,3,0.0787,0.5867,6
MAPE: 1000.0000: 180,32,4,438,2,4,0.0576,0.1481,2
MAPE: 1000.0000: 210,30,9,374,3,15,0.036,0.8115,5
MAPE: 0.9612: 367,2,2,327,4,14,0.0027,0.4002,8
MAPE: 0.9612: 407,29,2,189,6,3,0.0082,0.531,6
MAPE: 1000.0000: 337,8,8,400,5,5,0.0593,0.9625,3
MAPE: 1000.0000: 96,7,5,431,8,14,0.0532,0.9206,6
MAPE: 1000.0000: 438,34,3,458,8,9,0.0042,0.2863,2
MAPE: 1000.0000: 113,41,5,412,3,7,0.0286,0.1697,5
MAPE: 1000.0000: 117,45,6,32,3,12,0.0631,0.9415,6
MAPE: 1000.0000: 126,33,6,228,7,5,0.0523,0.9815,8
MAPE: 1000.0000: 279,10,9,100,8,16,0.0382,0.0504,9
MAPE: 1000.0000: 357,10,9,377,3,18,0.0548,0.7101,3
MAPE: 0.9612: 54,18,1,210,5,14,0.0996,0.4275,4
MAPE: 0.9612: 25,43,5,37,2,11,0.0265,0.485,7
MAPE: 0.9612: 410,44,4,390,3,7,0.0052,0.1273,2
MAPE: 1000.0000: 446,20,9,460,3,12,0.0918,0.6092,9
MAPE: 0.9612: 107,19,2,109,2,8,0.0656,0.362,3
MAPE: 1000.0000: 494,48,3,352,5,2,0.0196,0.363,3
MAPE: 0.9612: 138,27,8,109,1,16,0.0709,0.2892,4
MAPE: 1000.0000: 40,33,6,443,3,2,0.031,0.0775,4
MAPE: 1000.0000: 154,6,8,296,10,7,0.0131,0.3028,3
MAPE: 0.9612: 242,2,7,310,5,14,0.0028,0.4921,10
MAPE: 1000.0000: 406,32,6,391,4,1,0.0885,0.2846,6
MAPE: 1000.0000: 510,40,5,409,3,15,0.0953,0.6098,5
MAPE: 1000.0000: 447,10,7,115,8,6,0.0739,0.8727,9
MAPE: 0.9612: 132,4,3,168,3,5,0.0264,0.0493,2
MAPE: 0.9612: 472,9,7,63,1,9,0.0359,0.479,1
MAPE: 1000.0000: 56,15,9,397,3,7,0.0978,0.2013,8
MAPE: 0.0628: 197,11,4,426,7,5,0.0016,0.1223,8
MAPE: 1000.0000: 434,14,7,141,4,6,0.0446,0.878,3
MAPE: 1000.0000: 178,7,6,398,5,15,0.034,0.4962,4
MAPE: 1000.0000: 40,29,9,384,2,4,0.0554,0.0489,6
MAPE: 1000.0000: 98,26,5,306,3,9,0.0582,0.4839,2
MAPE: 4.3590: 398,18,7,3,8,16,0.0469,0.0371,8
MAPE: 0.9612: 235,6,1,233,5,20,0.0457,0.4825,2
MAPE: 1000.0000: 11,22,8,98,7,7,0.0688,0.5839,5
MAPE: 1000.0000: 316,37,4,401,8,7,0.0937,0.8658,8
MAPE: 1000.0000: 220,34,8,337,8,19,0.0422,0.5282,7
MAPE: 0.9612: 389,5,3,73,9,9,0.0213,0.678,4
MAPE: 1000.0000: 343,44,6,63,7,11,0.0414,0.2712,5
MAPE: 1000.0000: 118,22,6,399,3,11,0.0559,0.7378,4
MAPE: 1000.0000: 339,38,9,162,6,3,0.0757,0.2585,3
MAPE: 1000.0000: 400,3,6,250,2,15,0.0361,0.4431,5
MAPE: 1000.0000: 267,43,6,101,2,15,0.0701,0.7021,1
MAPE: 1000.0000: 259,27,3,199,7,17,0.0454,0.4547,3
MAPE: 0.9612: 393,15,7,116,3,11,0.0103,0.3181,3
MAPE: 1000.0000: 246,44,5,95,2,9,0.0987,0.3379,9
MAPE: 1000.0000: 212,15,9,291,8,14,0.0691,0.8935,4
MAPE: 1000.0000: 317,40,8,270,7,5,0.065,0.1935,10
MAPE: 1000.0000: 11,17,4,53,4,10,0.05,0.1319,6
MAPE: 0.9612: 291,29,3,345,3,16,0.0085,0.4538,10
MAPE: 1000.0000: 50,32,2,172,8,11,0.0975,0.0304,4
MAPE: 1000.0000: 462,48,3,309,4,9,0.0607,0.9685,2
MAPE: 1000.0000: 357,6,6,330,5,6,0.0953,0.4261,2
MAPE: 1000.0000: 298,39,8,464,5,5,0.0222,0.4484,3
MAPE: 1000.0000: 271,27,9,127,8,11,0.0305,0.8916,2
MAPE: 0.9612: 76,17,8,35,1,6,0.0251,0.183,9
MAPE: 1000.0000: 482,30,1,449,7,6,0.0852,0.1642,6
MAPE: 1000.0000: 312,4,10,328,2,17,0.041,0.1011,6
MAPE: 1000.0000: 502,48,4,318,2,7,0.0355,0.7572,6
MAPE: 0.9612: 449,39,1,73,8,9,0.0917,0.5084,7
MAPE: 1000.0000: 24,18,10,456,6,6,0.0189,0.8267,1
MAPE: 0.9612: 223,38,2,490,2,13,0.023,0.4093,5
MAPE: 1000.0000: 418,28,9,175,7,3,0.0085,0.0278,2
MAPE: 1000.0000: 114,30,5,234,7,16,0.0243,0.1262,4
MAPE: 1000.0000: 403,24,5,226,10,9,0.0516,0.0526,3
MAPE: 0.9612: 481,15,3,460,5,6,0.0078,0.9202,5
MAPE: 1000.0000: 203,9,2,138,7,4,0.0939,0.5685,6
MAPE: 1000.0000: 293,38,5,471,4,1,0.0723,0.7283,5
MAPE: 1000.0000: 242,4,3,219,7,6,0.0552,0.1752,2
MAPE: 0.9612: 383,39,2,41,4,1,0.0982,0.7309,4
MAPE: 1000.0000: 390,14,6,421,7,20,0.0581,0.0686,10
MAPE: 1000.0000: 96,13,9,383,7,4,0.0327,0.3048,4
MAPE: 1000.0000: 29,20,7,360,2,5,0.0451,0.3565,6
MAPE: 1000.0000: 438,4,3,386,8,11,0.024,0.112,4
MAPE: 1000.0000: 80,16,10,491,8,2,0.0846,0.4151,4
MAPE: 1000.0000: 374,2,6,373,9,6,0.0257,0.3744,9
MAPE: 1000.0000: 143,32,4,204,7,6,0.0786,0.7589,9
MAPE: 1000.0000: 466,34,4,29,6,14,0.0469,0.1455,9
MAPE: 1000.0000: 420,9,6,369,8,12,0.0269,0.1575,8
MAPE: 1000.0000: 368,5,3,393,4,19,0.0614,0.6284,9
MAPE: 1000.0000: 273,6,5,492,8,8,0.0686,0.4801,5
MAPE: 1000.0000: 186,41,10,354,4,9,0.0667,0.483,9
MAPE: 1000.0000: 62,23,5,238,2,14,0.0791,0.0754,5
MAPE: 1000.0000: 174,45,7,226,3,5,0.0255,0.9126,4
MAPE: 1000.0000: 264,34,5,388,3,14,0.0225,0.0556,10
MAPE: 1000.0000: 404,10,9,94,7,7,0.0837,0.1492,7
MAPE: 0.9612: 184,14,4,116,1,16,0.0329,0.2253,7
MAPE: 1000.0000: 69,21,6,438,6,5,0.0303,0.7611,3
MAPE: 0.9612: 304,17,2,157,3,19,0.0895,0.9928,3
MAPE: 1000.0000: 510,35,2,407,8,18,0.0238,0.6142,2
MAPE: 1000.0000: 235,47,8,179,7,14,0.0824,0.973,1
MAPE: 4.3590: 441,13,9,41,7,17,0.0113,0.1635,3
MAPE: 1000.0000: 491,12,7,290,8,6,0.0968,0.1949,4
MAPE: 1000.0000: 341,38,7,241,7,15,0.0319,0.0932,5
MAPE: 0.9612: 313,4,2,274,2,5,0.0776,0.4199,2
MAPE: 1000.0000: 449,24,5,473,1,16,0.0742,0.8335,10
MAPE: 1000.0000: 372,17,4,435,4,13,0.0673,0.6637,5
MAPE: 1000.0000: 274,6,10,223,3,6,0.0262,0.4786,8
MAPE: 1000.0000: 239,46,4,38,10,9,0.0597,0.3842,8
MAPE: 1000.0000: 480,14,7,354,1,14,0.0407,0.0578,2
MAPE: 1000.0000: 66,25,6,450,3,20,0.0654,0.9415,6
MAPE: 1000.0000: 175,7,7,442,3,11,0.0252,0.7439,3
MAPE: 1000.0000: 204,39,10,471,5,5,0.0031,0.5824,3
MAPE: 0.0591: 28,35,2,334,7,2,0.0044,0.7926,4
MAPE: 1000.0000: 99,19,5,205,8,8,0.0334,0.8461,8
MAPE: 1000.0000: 215,23,5,181,7,10,0.059,0.6511,3
MAPE: 1000.0000: 246,44,9,94,8,8,0.0806,0.6856,4
MAPE: 1000.0000: 25,20,5,468,7,19,0.0228,0.4715,5
MAPE: 1000.0000: 377,20,3,399,7,10,0.0841,0.2669,9
MAPE: 1000.0000: 464,21,9,139,6,17,0.0435,0.7154,3
MAPE: 1000.0000: 51,31,5,69,9,7,0.0201,0.4155,5
MAPE: 0.9612: 229,13,3,30,5,15,0.0233,0.4395,2
MAPE: 1000.0000: 472,41,5,163,7,10,0.0639,0.3683,6
MAPE: 1000.0000: 466,7,4,90,5,8,0.0654,0.0709,6
MAPE: 1000.0000: 167,39,6,264,4,3,0.0769,0.2314,9
MAPE: 1000.0000: 158,47,3,21,9,8,0.062,0.3328,2
MAPE: 1000.0000: 239,41,7,83,9,6,0.0945,0.2692,2
MAPE: 1000.0000: 472,18,9,63,10,17,0.0275,0.5498,6
MAPE: 0.9612: 245,27,3,342,6,16,0.0053,0.8139,5
MAPE: 1000.0000: 477,25,9,151,2,10,0.0323,0.4351,4
MAPE: 1000.0000: 144,45,5,251,4,20,0.0859,0.8401,7
MAPE: 1000.0000: 473,19,8,363,8,8,0.0252,0.3385,7
MAPE: 0.9612: 176,2,2,458,2,8,0.0564,0.4286,4
MAPE: 1000.0000: 199,17,7,242,5,1,0.0467,0.7246,7
MAPE: 1000.0000: 249,40,3,132,5,10,0.0504,0.0773,3
MAPE: 1000.0000: 498,46,7,90,9,11,0.0859,0.6092,6
MAPE: 0.9612: 400,3,8,493,4,10,0.002,0.7811,7
MAPE: 1.3718: 129,8,5,1,5,20,0.0105,0.1402,10
MAPE: 1000.0000: 29,37,9,48,3,7,0.0691,0.7045,6
MAPE: 0.9612: 175,12,7,9,3,5,0.0553,0.7903,7
MAPE: 1000.0000: 356,30,6,334,4,11,0.0375,0.9086,4
MAPE: 1000.0000: 138,15,8,179,4,11,0.0851,0.9152,7
MAPE: 1000.0000: 510,28,7,71,5,11,0.0691,0.3254,5
MAPE: 1000.0000: 269,39,8,270,7,7,0.0822,0.6616,7
MAPE: 1000.0000: 15,2,4,189,5,11,0.0607,0.9957,6
MAPE: 1000.0000: 449,32,7,254,6,12,0.0488,0.6077,6
MAPE: 1000.0000: 370,47,5,226,8,12,0.0859,0.425,3
MAPE: 1000.0000: 285,7,8,245,3,14,0.0144,0.2657,8
MAPE: 1000.0000: 380,41,7,109,4,8,0.0207,0.5315,3
MAPE: 1000.0000: 142,2,5,429,6,16,0.0212,0.9668,6
MAPE: 1000.0000: 399,13,9,220,8,7,0.0999,0.3497,1
MAPE: 1000.0000: 305,16,9,484,2,14,0.0882,0.8436,4
MAPE: 1000.0000: 224,7,2,404,8,11,0.0849,0.1262,7
MAPE: 1000.0000: 124,27,3,28,8,5,0.0961,0.4134,5
MAPE: 1000.0000: 25,37,9,112,2,5,0.0842,0.4892,2
MAPE: 1000.0000: 160,49,8,356,4,16,0.0255,0.2001,2
MAPE: 1000.0000: 135,41,8,400,6,5,0.0119,0.867,9
MAPE: 0.9612: 53,23,5,33,2,14,0.0693,0.2309,6
MAPE: 1000.0000: 327,43,9,112,8,4,0.0354,0.6595,5
MAPE: 1000.0000: 258,17,6,442,4,12,0.0331,0.6011,7
MAPE: 0.0609: 90,37,4,63,10,10,0.0023,0.5441,2
MAPE: 1000.0000: 169,38,2,249,4,14,0.0756,0.6876,7
MAPE: 1000.0000: 64,11,2,86,5,3,0.0756,0.5274,4
MAPE: 1000.0000: 26,34,6,346,4,8,0.085,0.875,8
MAPE: 1000.0000: 128,11,7,236,4,5,0.0121,0.6304,10
MAPE: 1000.0000: 59,11,4,459,6,10,0.0931,0.911,2
MAPE: 1000.0000: 81,33,3,483,3,11,0.0605,0.741,10
MAPE: 1000.0000: 486,11,3,184,3,16,0.0838,0.153,6
MAPE: 0.9612: 166,48,2,381,3,2,0.0619,0.2248,8
MAPE: 0.0587: 116,44,1,29,4,7,0.009,0.8156,10
MAPE: 1000.0000: 97,22,1,408,6,5,0.073,0.887,8
MAPE: 1000.0000: 257,47,9,251,9,7,0.0668,0.2418,9
MAPE: 1000.0000: 92,6,7,96,6,8,0.0231,0.7318,6
MAPE: 0.3226: 311,48,6,10,1,4,0.0408,0.2544,10
MAPE: 1000.0000: 454,25,8,240,9,2,0.0119,0.2443,1
MAPE: 1000.0000: 202,34,5,284,10,10,0.0789,0.7059,6
MAPE: 1000.0000: 15,31,10,216,2,12,0.0817,0.784,5
MAPE: 1000.0000: 242,18,3,409,7,2,0.0962,0.0328,6
MAPE: 1000.0000: 21,13,5,282,10,5,0.0151,0.1054,10
MAPE: 1000.0000: 202,37,7,337,8,12,0.0339,0.6112,1
MAPE: 1000.0000: 17,18,5,114,7,20,0.0277,0.2624,1
MAPE: 1000.0000: 183,46,9,416,9,17,0.0756,0.9246,4
MAPE: 0.9612: 43,39,2,40,3,8,0.0473,0.9241,9
MAPE: 1000.0000: 26,29,4,309,10,1,0.0995,0.0286,5
MAPE: 1000.0000: 343,46,9,233,5,17,0.0275,0.1474,1
MAPE: 0.9612: 424,45,6,90,1,5,0.0913,0.556,8
MAPE: 1000.0000: 374,13,1,119,9,18,0.09,0.2081,10
MAPE: 1000.0000: 110,7,8,355,7,14,0.071,0.3274,7
MAPE: 1000.0000: 427,22,4,114,8,13,0.0498,0.1273,4
MAPE: 0.9612: 204,7,2,413,3,14,0.0269,0.8296,9
MAPE: 1000.0000: 62,11,3,446,3,3,0.0959,0.8771,2
MAPE: 1000.0000: 495,2,3,227,6,12,0.0213,0.9802,7
MAPE: 0.9612: 158,34,5,48,7,6,0.0173,0.151,4
MAPE: 0.9612: 377,15,1,143,6,7,0.049,0.728,1
MAPE: 1000.0000: 153,4,6,409,3,19,0.0393,0.5111,4
MAPE: 1000.0000: 69,4,10,474,8,19,0.0793,0.9244,2
MAPE: 1000.0000: 211,22,3,407,10,18,0.0416,0.758,4
MAPE: 0.9612: 190,42,1,209,5,11,0.0657,0.918,4
MAPE: 1000.0000: 474,5,5,452,2,11,0.0289,0.584,2
MAPE: 1000.0000: 256,45,10,341,8,3,0.0612,0.0286,3
MAPE: 0.9612: 461,13,5,412,5,1,0.0034,0.453,4
MAPE: 1000.0000: 183,31,7,297,5,3,0.0551,0.9485,5
MAPE: 1000.0000: 215,34,8,486,1,13,0.0516,0.2817,7
MAPE: 1000.0000: 25,42,3,335,4,15,0.0994,0.1123,2
MAPE: 0.0638: 161,10,2,64,2,13,0.0154,0.0408,6
MAPE: 1000.0000: 274,20,2,382,8,10,0.0804,0.6036,6
MAPE: 1000.0000: 29,21,7,189,9,14,0.0844,0.5787,5
MAPE: 1000.0000: 237,33,9,264,3,4,0.0834,0.9008,3
MAPE: 1000.0000: 242,16,5,230,5,17,0.036,0.3409,3
MAPE: 1000.0000: 369,23,2,332,10,15,0.0229,0.626,5
MAPE: 1000.0000: 477,42,7,308,2,4,0.0824,0.7856,10
MAPE: 1000.0000: 96,29,9,149,2,17,0.0995,0.6071,5
MAPE: 0.9612: 330,9,3,9,7,20,0.0649,0.0368,3
MAPE: 1000.0000: 66,12,3,77,7,17,0.0351,0.6598,7
MAPE: 1000.0000: 126,46,9,367,5,8,0.0257,0.9543,9
MAPE: 1000.0000: 335,30,4,428,3,9,0.0401,0.4115,9
MAPE: 1000.0000: 203,7,3,440,5,12,0.0991,0.4313,2
MAPE: 1000.0000: 396,38,3,132,5,10,0.0933,0.9397,10
MAPE: 1000.0000: 188,5,9,262,7,18,0.0462,0.1975,3
MAPE: 1000.0000: 300,20,4,146,8,4,0.0236,0.7024,6
MAPE: 1000.0000: 19,20,4,371,7,8,0.0387,0.271,6
MAPE: 1000.0000: 149,42,2,40,9,18,0.0787,0.0148,10
MAPE: 1000.0000: 139,32,4,304,8,1,0.0213,0.9844,1
MAPE: 1000.0000: 101,34,9,174,4,16,0.083,0.9982,9
MAPE: 1000.0000: 343,23,4,194,8,15,0.0611,0.3148,8
MAPE: 1000.0000: 44,37,5,325,6,6,0.0108,0.0686,1
MAPE: 1000.0000: 347,40,6,97,8,11,0.0095,0.5156,4
MAPE: 1000.0000: 280,5,3,396,4,11,0.0371,0.6168,6
MAPE: 1000.0000: 324,28,7,426,6,17,0.0837,0.7444,4
MAPE: 1000.0000: 495,4,3,284,6,19,0.0924,0.201,6
MAPE: 1000.0000: 67,32,7,321,4,11,0.0568,0.7946,3
MAPE: 1000.0000: 460,7,8,322,9,4,0.02,0.3482,6
MAPE: 1000.0000: 488,41,10,409,8,11,0.076,0.83,9
MAPE: 0.0729: 470,4,8,363,2,15,0.004,0.0928,5
MAPE: 1000.0000: 307,5,7,254,6,11,0.0343,0.4279,5
MAPE: 0.3878: 300,50,1,2,8,15,0.0343,0.0744,10
MAPE: 1000.0000: 421,2,4,191,8,15,0.0539,0.5072,9
MAPE: 0.9612: 355,11,4,385,1,9,0.0981,0.5357,10
MAPE: 0.1027: 334,44,7,31,7,4,0.0058,0.9678,9
MAPE: 1000.0000: 287,29,5,243,4,3,0.0219,0.0655,9
MAPE: 1000.0000: 417,48,3,159,9,8,0.0718,0.7394,6
MAPE: 0.9612: 333,35,3,123,7,10,0.014,0.657,3
MAPE: 1000.0000: 453,42,10,419,6,18,0.0018,0.031,9
MAPE: 0.9612: 435,5,5,87,3,17,0.0142,0.8263,4
MAPE: 0.9612: 142,39,1,441,3,6,0.0211,0.303,6
MAPE: 0.0839: 78,8,2,14,7,8,0.0248,0.9977,4
MAPE: 1000.0000: 353,37,5,171,2,5,0.039,0.0877,8
MAPE: 1000.0000: 200,33,1,376,8,12,0.0881,0.7514,4
MAPE: 1000.0000: 324,19,9,104,1,20,0.0982,0.7328,2
MAPE: 1000.0000: 450,39,5,397,7,6,0.018,0.2122,7
MAPE: 1000.0000: 306,2,6,290,8,9,0.0952,0.0522,1
MAPE: 0.0594: 437,46,4,167,3,13,0.001,0.3227,6
MAPE: 1000.0000: 498,14,8,305,2,15,0.0597,0.6358,1
MAPE: 1000.0000: 508,42,9,189,6,8,0.0644,0.7502,9
MAPE: 4.3590: 285,33,7,35,5,20,0.0163,0.4281,3
MAPE: 1000.0000: 203,31,2,338,4,3,0.094,0.8491,3
MAPE: 0.9612: 370,8,2,489,1,15,0.0708,0.7803,8
MAPE: 1000.0000: 201,40,2,351,10,7,0.0303,0.0293,9
MAPE: 0.9612: 97,22,4,131,3,12,0.0169,0.0609,2
MAPE: 0.9612: 330,37,10,8,2,14,0.0415,0.6945,5
MAPE: 1000.0000: 32,40,9,315,6,17,0.0599,0.6365,4
MAPE: 1000.0000: 119,6,2,427,5,19,0.0956,0.4655,3
MAPE: 1000.0000: 285,19,8,226,7,19,0.0111,0.5447,4
MAPE: 1000.0000: 380,14,8,45,5,19,0.0712,0.4923,7
MAPE: 1000.0000: 299,14,6,279,2,10,0.045,0.2097,6
MAPE: 1000.0000: 145,10,9,291,2,13,0.0576,0.0391,9
MAPE: 0.9612: 149,24,2,280,2,17,0.0237,0.5744,5
MAPE: 1000.0000: 494,31,8,66,2,17,0.0296,0.7784,9
MAPE: 1000.0000: 341,33,5,169,7,7,0.0774,0.4638,9
MAPE: 1000.0000: 359,24,3,369,8,2,0.0807,0.1041,9
MAPE: 1000.0000: 280,38,6,252,6,5,0.043,0.6451,6
MAPE: 1000.0000: 204,35,2,302,4,12,0.0398,0.0134,3
MAPE: 1000.0000: 183,4,10,192,3,5,0.021,0.3119,1
MAPE: 0.0591: 389,28,3,330,3,7,0.0038,0.1378,8
MAPE: 1000.0000: 303,39,7,348,3,2,0.0314,0.8481,7
MAPE: 0.9612: 316,28,6,314,1,2,0.049,0.3832,6
MAPE: 1000.0000: 33,32,8,170,5,11,0.0346,0.0107,2
MAPE: 1000.0000: 52,42,9,464,2,17,0.0941,0.3145,4
MAPE: 1000.0000: 110,24,5,160,7,11,0.0448,0.8644,3
MAPE: 1000.0000: 351,2,2,255,9,20,0.0982,0.0331,3
MAPE: 1000.0000: 282,37,7,278,2,2,0.0266,0.6111,8
MAPE: 1000.0000: 492,44,5,279,6,4,0.0587,0.4487,8
MAPE: 1000.0000: 349,48,8,324,6,6,0.0714,0.2601,1
MAPE: 0.9612: 343,19,1,108,7,4,0.0667,0.4506,9
MAPE: 1000.0000: 475,36,4,491,10,14,0.0761,0.2343,5
MAPE: 1000.0000: 225,25,8,395,3,19,0.0881,0.4883,10
MAPE: 0.9612: 426,42,7,403,3,7,0.002,0.1053,2
MAPE: 1000.0000: 196,35,7,492,7,3,0.0356,0.1752,5
MAPE: 1000.0000: 510,7,6,66,3,11,0.0895,0.296,3
MAPE: 1000.0000: 210,23,4,100,9,15,0.0986,0.8694,8
MAPE: 0.9612: 61,34,3,380,4,4,0.0098,0.1934,8
MAPE: 1000.0000: 30,18,6,437,5,20,0.0216,0.2568,2
MAPE: 0.9612: 171,33,10,48,4,12,0.0114,0.7858,9
MAPE: 1000.0000: 486,47,5,330,6,6,0.0433,0.9144,8
MAPE: 1000.0000: 394,36,7,350,2,16,0.0196,0.3617,3
MAPE: 1000.0000: 173,27,9,200,4,7,0.0578,0.7462,7
MAPE: 0.9612: 299,20,4,149,7,18,0.0068,0.8549,2
MAPE: 1000.0000: 172,22,8,410,1,19,0.0499,0.6059,1
MAPE: 1000.0000: 361,4,9,214,5,1,0.0759,0.6257,9
MAPE: 1000.0000: 332,10,6,356,7,13,0.0267,0.4532,2
MAPE: 1000.0000: 488,12,7,315,1,19,0.0703,0.1195,5
MAPE: 1000.0000: 446,33,2,75,5,17,0.072,0.92,7
MAPE: 1000.0000: 291,29,8,129,10,6,0.0577,0.3578,1
MAPE: 1000.0000: 286,18,2,470,6,8,0.0436,0.68,1
MAPE: 1000.0000: 427,32,2,168,8,4,0.0797,0.0018,10
MAPE: 1000.0000: 425,23,4,128,4,19,0.0186,0.9144,3
MAPE: 1000.0000: 82,17,6,134,9,16,0.0608,0.0332,1
MAPE: 1000.0000: 225,43,6,445,7,10,0.0924,0.0712,9
MAPE: 1000.0000: 437,19,10,260,7,19,0.0458,0.4891,1
MAPE: 1000.0000: 388,33,2,354,10,11,0.0397,0.3771,10
MAPE: 0.9612: 332,21,3,167,3,9,0.0239,0.8565,10
MAPE: 0.9612: 315,42,2,8,7,5,0.0408,0.7543,9
MAPE: 1000.0000: 67,24,7,394,6,9,0.0741,0.3617,1
MAPE: 1000.0000: 243,41,4,26,6,3,0.0909,0.0184,4
MAPE: 0.9612: 426,9,2,194,1,15,0.0378,0.8825,9
MAPE: 0.9612: 281,41,2,194,2,10,0.064,0.7915,8
MAPE: 1000.0000: 79,35,6,109,4,17,0.0712,0.9857,6
MAPE: 0.0624: 311,11,6,114,9,10,0.0029,0.4692,8
MAPE: 1000.0000: 462,12,4,164,6,19,0.0418,0.0668,3
MAPE: 1000.0000: 273,46,4,215,6,6,0.078,0.3385,6
MAPE: 1000.0000: 429,24,4,216,4,2,0.0198,0.8694,2
MAPE: 1000.0000: 429,18,4,303,7,5,0.0249,0.4577,2
MAPE: 1000.0000: 418,28,8,171,4,12,0.0976,0.4264,2
MAPE: 1000.0000: 140,41,7,437,6,17,0.008,0.8999,7
MAPE: 0.9612: 214,10,7,126,7,9,0.004,0.8019,6
MAPE: 1000.0000: 268,49,4,10,10,9,0.0681,0.3869,7
MAPE: 0.9612: 374,48,2,443,3,2,0.0121,0.4355,5
MAPE: 1000.0000: 231,8,4,204,9,8,0.0512,0.4526,4
MAPE: 1000.0000: 208,14,8,286,6,2,0.0069,0.0248,10
MAPE: 1000.0000: 243,47,8,484,4,2,0.0555,0.6943,4
MAPE: 1000.0000: 172,14,8,121,7,7,0.0512,0.2615,9
MAPE: 1000.0000: 390,28,3,335,6,10,0.0921,0.8793,5
MAPE: 1000.0000: 384,43,10,158,6,19,0.0659,0.3039,3
MAPE: 1000.0000: 237,38,9,380,8,19,0.0082,0.6886,2
MAPE: 1000.0000: 240,29,4,490,5,10,0.045,0.3095,8
MAPE: 1000.0000: 327,32,5,326,5,17,0.0738,0.3755,3
MAPE: 1000.0000: 137,42,5,442,2,1,0.0534,0.9085,6
MAPE: 1000.0000: 185,4,3,366,9,15,0.0236,0.3805,4
MAPE: 1000.0000: 443,4,3,190,5,7,0.021,0.5576,9
MAPE: 1000.0000: 251,7,3,336,4,18,0.0373,0.6593,8
MAPE: 0.9612: 19,35,2,150,4,6,0.0622,0.1279,2
MAPE: 1000.0000: 250,2,5,149,6,2,0.061,0.6983,1
MAPE: 1000.0000: 315,22,3,254,3,11,0.0569,0.9847,6
MAPE: 0.9612: 360,13,1,79,2,14,0.0736,0.6905,2
MAPE: 1000.0000: 394,17,4,43,3,9,0.0904,0.5279,10
MAPE: 0.9612: 21,2,9,238,9,5,0.0036,0.2021,9
MAPE: 1000.0000: 413,45,9,477,4,14,0.0669,0.7286,5
MAPE: 1000.0000: 25,35,6,434,5,18,0.0098,0.5582,9
MAPE: 1000.0000: 215,33,5,321,7,16,0.0979,0.3563,10
MAPE: 1000.0000: 300,44,6,339,8,18,0.0067,0.7341,7
MAPE: 1000.0000: 132,37,2,355,7,9,0.0128,0.0775,1
MAPE: 0.0671: 317,15,4,20,2,12,0.0127,0.3838,3
MAPE: 1000.0000: 252,30,1,225,9,13,0.0645,0.93,2
MAPE: 0.9612: 296,10,2,345,3,18,0.0507,0.5704,10
MAPE: 0.9612: 114,19,4,47,9,3,0.02,0.4232,6
MAPE: 1000.0000: 180,48,6,256,8,5,0.0249,0.9891,5
MAPE: 1000.0000: 77,18,3,400,3,16,0.0827,0.4232,7
MAPE: 1000.0000: 44,43,7,112,8,7,0.0101,0.3675,10
MAPE: 0.9612: 365,3,2,191,2,5,0.074,0.8369,2
MAPE: 1000.0000: 422,36,5,165,5,19,0.0321,0.6845,4
MAPE: 1000.0000: 82,22,4,31,6,10,0.0991,0.8198,4
MAPE: 1.3255: 70,41,6,5,9,9,0.0564,0.9137,9
MAPE: 0.9612: 476,26,4,74,2,18,0.0215,0.9402,1
MAPE: 1000.0000: 35,15,8,163,4,7,0.0882,0.5258,5
MAPE: 1000.0000: 463,19,3,400,6,5,0.0983,0.9706,10
MAPE: 1000.0000: 420,25,8,281,5,7,0.0158,0.0887,1
MAPE: 1000.0000: 89,11,8,341,2,3,0.0782,0.3968,8
MAPE: 0.0647: 488,12,1,297,3,14,0.0094,0.9295,8
MAPE: 1000.0000: 390,22,8,138,4,10,0.0732,0.3465,3
MAPE: 1000.0000: 340,6,3,334,7,16,0.0951,0.3822,2
MAPE: 1000.0000: 215,11,10,247,10,3,0.096,0.4723,10
MAPE: 1000.0000: 251,18,4,172,10,14,0.0274,0.035,10
MAPE: 1000.0000: 452,23,1,444,10,18,0.0744,0.3744,7
MAPE: 1000.0000: 200,48,2,260,5,1,0.0598,0.2077,6
MAPE: 1000.0000: 219,37,3,293,7,6,0.0262,0.502,4
MAPE: 1000.0000: 226,11,2,371,9,4,0.0725,0.1259,6
MAPE: 1000.0000: 51,47,7,258,5,11,0.0588,0.7122,3
MAPE: 0.0658: 407,12,6,31,2,16,0.0058,0.1435,7
MAPE: 1000.0000: 164,34,10,101,6,13,0.0943,0.4901,1
MAPE: 1000.0000: 273,24,9,291,8,13,0.0965,0.7409,3
MAPE: 0.9612: 152,33,1,166,6,10,0.0878,0.1346,3
MAPE: 1000.0000: 351,27,9,43,5,19,0.0518,0.027,2
MAPE: 0.0811: 111,4,1,287,7,19,0.0016,0.5296,4
MAPE: 1000.0000: 319,24,2,485,6,11,0.0174,0.8546,6
MAPE: 1000.0000: 237,25,6,315,5,10,0.0615,0.1115,2
MAPE: 1000.0000: 261,32,5,53,6,17,0.0962,0.877,5
MAPE: 0.9612: 258,7,1,313,2,18,0.0835,0.2728,3
MAPE: 4.3590: 245,2,5,29,8,11,0.0563,0.8909,3
MAPE: 1000.0000: 55,12,5,277,7,15,0.0878,0.8501,3
MAPE: 0.9612: 69,21,3,187,3,8,0.0299,0.8766,1
MAPE: 1000.0000: 82,9,7,486,4,11,0.0358,0.1775,6
MAPE: 0.9612: 511,5,8,347,1,7,0.0167,0.3587,4
MAPE: 1000.0000: 267,16,5,57,9,14,0.0294,0.2277,6
MAPE: 1000.0000: 305,2,6,294,3,8,0.0864,0.4608,3
MAPE: 1000.0000: 57,27,10,54,8,5,0.0562,0.6416,2
MAPE: 1000.0000: 293,24,8,104,10,3,0.012,0.4295,9
MAPE: 1000.0000: 54,2,3,416,5,7,0.057,0.6483,5
MAPE: 1000.0000: 268,15,5,280,3,9,0.0545,0.1124,3
MAPE: 1000.0000: 86,10,7,435,2,3,0.0795,0.1942,7
MAPE: 1000.0000: 317,41,6,92,8,3,0.0883,0.1364,4
MAPE: 0.0583: 79,42,5,159,1,14,0.0045,0.1525,7
Step: 0, min MAPE: 0.058255877, hyperparameter: [78.74056072369774, 42.44967832041403, 4.690556322895802, 158.608245230276, 1.353139819028084, 13.908911430720874, 0.004546266128232592, 0.15253619723575584, 7.392951876851153]
Data: 1, Round: 0, Step 1
MAPE: 1000.0000: 228,32,7,256,3,19,0.0136,0.1065,2
MAPE: 0.0608: 280,22,1,182,1,19,0.0099,0.7943,7
MAPE: 0.1517: 154,44,3,31,5,11,0.0222,0.2899,5
MAPE: 0.0624: 20,18,1,150,1,2,0.008,0.2708,3
MAPE: 0.0632: 443,18,1,333,2,17,0.0039,0.455,3
MAPE: 1.3687: 173,42,6,8,2,11,0.0136,0.4147,5
MAPE: 1000.0000: 63,40,4,312,8,19,0.0161,0.9206,6
MAPE: 0.0633: 133,9,4,25,6,6,0.0029,0.8817,9
MAPE: 0.0572: 293,45,2,426,7,9,0.0016,0.7422,8
MAPE: 0.0656: 28,35,2,10,7,5,0.01,0.7926,4
MAPE: 0.9612: 90,12,4,167,6,7,0.0023,0.5441,5
MAPE: 0.0575: 116,44,3,29,4,7,0.009,0.8156,5
MAPE: 0.9612: 476,47,2,64,5,13,0.0154,0.0408,6
MAPE: 1000.0000: 437,46,4,346,3,2,0.0211,0.3227,6
MAPE: 0.0643: 389,14,3,67,3,7,0.0086,0.1378,3
MAPE: 0.0613: 311,11,3,264,5,10,0.0029,0.6615,8
MAPE: 0.2037: 397,15,4,20,6,8,0.0127,0.3838,3
MAPE: 0.0647: 488,12,1,297,3,14,0.0094,0.9295,8
MAPE: 0.0654: 407,12,2,31,2,16,0.015,0.1435,7
MAPE: 0.0595: 79,42,2,156,1,18,0.0045,0.6605,7
Step: 1, min MAPE: 0.057227135, hyperparameter: [292.92631400928707, 45.16856583086137, 1.71691293510548, 426.00903313390165, 7.19820002221085, 8.700321640230698, 0.0016308309606423467, 0.7422103111095857, 8.36961735586617]
Data: 1, Round: 0, Step 2
MAPE: 0.0621: 255,47,7,68,3,10,0.0074,0.4943,2
MAPE: 0.2518: 467,41,2,141,1,8,0.0108,0.281,10
MAPE: 0.0629: 205,19,3,74,1,11,0.0222,0.2899,5
MAPE: 0.0629: 367,28,1,482,1,2,0.008,0.4994,5
MAPE: 0.0620: 443,25,2,69,2,8,0.0039,0.2555,3
MAPE: 0.0707: 173,31,6,8,2,11,0.0136,0.4866,3
MAPE: 0.9612: 368,12,1,248,8,19,0.0108,0.9206,7
MAPE: 0.0570: 133,43,4,164,6,6,0.0029,0.8817,8
MAPE: 0.0572: 293,45,1,426,7,14,0.0016,0.7422,5
MAPE: 0.9612: 210,35,7,334,2,13,0.0044,0.81,4
MAPE: 0.0627: 90,10,4,246,10,10,0.0023,0.5441,2
MAPE: 0.0583: 85,44,1,29,4,7,0.0075,0.8156,5
MAPE: 0.9612: 161,2,2,64,5,13,0.0154,0.0408,6
MAPE: 0.0602: 260,46,4,167,3,13,0.001,0.3227,5
MAPE: 0.9612: 389,43,3,330,3,7,0.0038,0.2321,8
MAPE: 0.0911: 311,45,3,156,3,10,0.0029,0.6615,10
MAPE: 0.0602: 38,47,4,20,4,12,0.0016,0.3838,3
MAPE: 1000.0000: 488,12,8,297,5,15,0.0094,0.9295,8
MAPE: 0.9612: 124,12,3,243,2,16,0.015,0.2359,7
MAPE: 0.0617: 79,14,5,159,1,14,0.0045,0.6224,4
Step: 2, min MAPE: 0.057012998, hyperparameter: [133.3468695421689, 42.549522157954186, 4.150429764556554, 163.6769676376662, 6.442476373970877, 6.491268148911241, 0.0029244741385937066, 0.8817492597833806, 8.067877138079893]
Data: 1, Round: 0, Step 3
MAPE: 0.9612: 83,47,7,32,5,10,0.0074,0.4943,2
MAPE: 0.1060: 64,34,1,62,1,11,0.0051,0.4916,10
MAPE: 0.0626: 70,19,4,74,1,11,0.0222,0.0257,5
MAPE: 0.0601: 20,42,1,76,1,2,0.008,0.638,3
MAPE: 0.0592: 167,25,2,69,2,8,0.0039,0.0659,7
MAPE: 0.0604: 173,44,3,19,2,11,0.0136,0.833,5
MAPE: 0.2147: 368,40,1,30,8,19,0.0161,0.7211,4
MAPE: 0.0577: 133,44,4,428,6,6,0.0016,0.8817,8
MAPE: 0.0579: 293,48,1,444,7,14,0.0016,0.7422,4
MAPE: 0.9612: 28,35,4,334,7,11,0.0044,0.7926,4
MAPE: 0.0594: 52,37,4,63,6,10,0.0023,0.437,4
MAPE: 0.0579: 116,41,3,26,4,7,0.009,0.8156,5
MAPE: 0.0658: 470,10,4,64,2,13,0.0029,0.0408,6
MAPE: 0.0603: 437,33,4,167,9,13,0.001,0.3227,6
MAPE: 0.9612: 30,28,3,330,3,7,0.0038,0.1378,4
MAPE: 0.9612: 311,49,4,264,5,10,0.0029,0.8495,6
MAPE: 0.0583: 38,43,4,166,3,12,0.0016,0.3838,7
MAPE: 0.0589: 132,37,1,297,8,14,0.0051,0.9295,8
MAPE: 0.0673: 407,12,4,31,3,8,0.015,0.1435,7
MAPE: 0.0833: 141,42,4,59,5,14,0.0045,0.9895,7
Step: 3, min MAPE: 0.057012998, hyperparameter: [133.3468695421689, 42.549522157954186, 4.150429764556554, 163.6769676376662, 6.442476373970877, 6.491268148911241, 0.0029244741385937066, 0.8817492597833806, 8.067877138079893]
Data: 1, Round: 0, Step 4
MAPE: 0.0623: 255,47,7,68,2,7,0.0074,0.4943,2
MAPE: 0.9612: 64,41,3,141,1,8,0.0108,0.8109,10
MAPE: 0.9612: 293,19,2,273,5,11,0.0222,0.6284,8
MAPE: 0.0605: 20,42,1,76,1,13,0.008,0.358,3
MAPE: 0.0598: 174,26,2,69,2,8,0.0043,0.0659,7
MAPE: 0.0591: 173,44,3,19,2,7,0.0136,0.7567,5
MAPE: 0.0592: 368,40,1,30,6,19,0.0161,0.9206,7
MAPE: 0.9612: 133,43,3,69,6,5,0.009,0.8274,8
MAPE: 0.0597: 293,45,2,426,7,14,0.0016,0.7422,5
MAPE: 0.0581: 28,35,1,327,7,13,0.0044,0.8963,4
MAPE: 0.0584: 52,36,4,63,6,13,0.0023,0.9922,4
MAPE: 0.9612: 116,44,3,336,4,7,0.0036,0.8156,5
MAPE: 0.0784: 128,10,2,81,4,13,0.0087,0.0408,5
MAPE: 0.2435: 93,46,3,7,3,7,0.001,0.7565,6
MAPE: 1000.0000: 389,28,3,330,8,7,0.0061,0.1378,8
MAPE: 0.9612: 311,33,3,264,5,13,0.0056,0.6615,8
MAPE: 0.0580: 38,43,4,166,2,12,0.0016,0.3838,7
MAPE: 0.9612: 132,37,1,329,8,13,0.0059,0.9295,8
MAPE: 0.1039: 407,12,2,43,2,6,0.015,0.0984,7
MAPE: 0.0599: 79,42,5,57,2,16,0.0045,0.1525,7
Step: 4, min MAPE: 0.057012998, hyperparameter: [133.3468695421689, 42.549522157954186, 4.150429764556554, 163.6769676376662, 6.442476373970877, 6.491268148911241, 0.0029244741385937066, 0.8817492597833806, 8.067877138079893]
